sy_snum,sy_pnum,discoverymethod,disc_year,pl_orbper,pl_orbsmax,pl_rade,pl_bmasse,pl_orbeccen,pl_insol,pl_eqt,st_teff,st_rad,st_mass,ra,dec,pl_x,pl_y,pl_z
2,1,Radial Velocity,2007,326.03,1.29,,6165.6,0.231,,,4742,19,2.7,185.1787793,17.7932516,-0.948278555,-0.085945997,0.305583159
1,1,Radial Velocity,2009,516.21997,1.53,,4684.8142,0.08,,,4213,29.79,2.78,229.2745954,71.8239428,-0.203519056,-0.236400629,0.950102487
1,1,Radial Velocity,2008,185.84,0.83,,1525.5,0,,,4813,11,2.2,352.82415,39.2358367,0.768482322,-0.096752829,0.632513882
1,1,Radial Velocity,2002,1773.40002,2.93,,1481.0878,0.37,,,5338,0.93,0.9,242.6021014,43.8163621,-0.332039431,-0.640626504,0.692349261
3,1,Radial Velocity,1996,798.5,1.66,,565.7374,0.68,,,5750,1.13,1.08,295.4656422,50.5168243,0.273396977,-0.574074357,0.771811328
2,1,Radial Velocity,2008,993.3,2.6,,3273.5,0.08,,,4979,8.5,2.3,314.6078375,10.8391378,0.689721612,-0.699228466,0.188052255
1,1,Imaging,2008,,330,,3000,,,1700,4060,,0.85,242.3762343,-21.0831403,-0.432625677,-0.826701225,-0.359722264
1,1,Radial Velocity,2018,30.3506,0.19,,289.2253,0.042,,,4893,10.64,0.99,217.1555242,49.8446488,-0.513954598,-0.38948433,0.764298782
1,2,Radial Velocity,2010,452.8,1.333,,632.46,0.09,,,5098,4.9,1.54,155.8684866,-0.9023998,-0.912496265,0.408781763,-0.015749197
1,2,Radial Velocity,2010,883,2.08,,273.32,0.29,,,5098,4.9,1.54,155.8684866,-0.9023998,-0.912496265,0.408781763,-0.015749197
2,1,Imaging,2013,,84,,4131.79,,,,,,0.19,15.8992489,-55.2658291,0.547973146,0.156086491,-0.82180438
1,1,Imaging,2013,,52,,7786.5,,,,3530,,0.4,20.7128012,-24.6646128,0.850028023,0.321415875,-0.417305878
1,1,Imaging,2015,,156,16.141,4417.837,,,,3064,0.28,0.11,34.8427046,-39.4230767,0.633990819,0.441336256,-0.635041691
1,1,Imaging,2010,,15,,2383.6,,,,,,0.02,70.4371079,23.0308544,0.308152608,0.867169869,0.391226774
1,1,Imaging,2004,,55,,1589.15,,,1250,,,0.02,181.8890906,-39.5484399,-0.770667467,-0.025418773,-0.636730352
2,1,Timing Variation,2015,416,0.92,,603.877,,,,,,0.48,294.6359173,46.0664076,0.289221081,-0.630668804,0.720144448
1,1,Imaging,2009,7336.5,,10.31,6657.48,0.26,,2075,2300,0.12,0.08,325.1218214,16.4213408,0.786905811,-0.548507668,0.28269875
1,1,Imaging,2016,,230,,3972.875,,,,4045,,0.6,339.1025931,47.861683,0.626789793,-0.239315244,0.741527322
4,1,Radial Velocity,2009,335.10001,0.99,,4392.4106,0.29,,,6331,1.41,1.93,39.2412736,24.6480103,0.703922961,0.574950427,0.417042529
1,1,Radial Velocity,2006,269.3,0.87,,2256.5,0.432,,,4415,18.11,1.23,130.0528099,64.3280504,-0.278772856,0.331607352,0.901289221
2,1,Radial Velocity,2008,479.1,1.19,,1233.13,0.38,,,4200,22.03,0.98,276.4975053,65.5633652,0.04681276,-0.411029436,0.910419337
1,3,Radial Velocity,1996,1078,2.1,,804.08,0.032,,,5872,1.21,1.06,164.8647611,40.4304931,-0.734789169,0.198746237,0.648525104
1,3,Radial Velocity,2001,2391,3.6,,171.621,0.098,,,5872,1.21,1.06,164.8647611,40.4304931,-0.734789169,0.198746237,0.648525104
1,3,Radial Velocity,2009,14002,11.6,,521.22,0.16,,,5872,1.21,1.06,164.8647611,40.4304931,-0.734789169,0.198746237,0.648525104
3,1,Imaging,2015,,13.2,,635.66,,,700,,,1.75,69.4007424,-2.4738245,0.35150163,0.935191725,-0.043162969
1,1,Radial Velocity,1995,4.230785,0.0527,,150.009,0.013,,,5758,1.18,1.03,344.3675399,20.7690958,0.900430852,-0.251954791,0.354602684
2,5,Radial Velocity,1996,14.6516,0.1134,,255.4,0,,,5172,0.94,0.91,133.1468373,28.3298154,-0.601963629,0.642219258,0.474546325
2,5,Radial Velocity,2004,44.3989,0.2373,,51.2,0.03,,,5172,0.94,0.91,133.1468373,28.3298154,-0.601963629,0.642219258,0.474546325
2,5,Radial Velocity,2002,5574.2,5.957,,991.6,0.13,,,5172,0.94,0.91,133.1468373,28.3298154,-0.601963629,0.642219258,0.474546325
2,5,Radial Velocity,2004,0.7365474,0.01544,1.875,7.99,0.05,,,5172,0.94,0.91,133.1468373,28.3298154,-0.601963629,0.642219258,0.474546325
2,5,Radial Velocity,2007,259.88,0.7708,,47.8,0.08,,,5172,0.94,0.91,133.1468373,28.3298154,-0.601963629,0.642219258,0.474546325
1,1,Radial Velocity,2008,934.3,2.11,,638.8383,0.073,,,4938,5.2,1.44,97.6960311,58.1611753,-0.070645731,0.522779826,0.849535423
1,3,Radial Velocity,2009,4.215,0.050201,,5.1,0.12,,,5577,0.96,0.94,199.596455,-18.3157745,-0.894351577,-0.318401921,-0.314253837
1,3,Radial Velocity,2009,38.021,0.2175,,18.2,0.14,,,5577,0.96,0.94,199.596455,-18.3157745,-0.894351577,-0.318401921,-0.314253837
1,3,Radial Velocity,2009,123.01,0.476,,22.9,0.35,,,5577,0.96,0.94,199.596455,-18.3157745,-0.894351577,-0.318401921,-0.314253837
1,2,Radial Velocity,2011,735.1,1.758,,587.9855,0.06,,,4826,4.87,1.34,99.171276,-19.2561808,-0.150469175,0.931984948,-0.329792487
1,2,Radial Velocity,2019,996,2.153,,276.5121,0.08,,,4826,4.87,1.34,99.171276,-19.2561808,-0.150469175,0.931984948,-0.329792487
1,1,Radial Velocity,1996,116.688,0.481,,2357.02728,0.3988,,,5495,1.89,1.09,202.1064898,13.7763085,-0.899833629,-0.365503281,0.238131878
2,1,Radial Velocity,2012,691.9,2.1,,953.49,0.117,,,4846,10.5,2.49,38.0391598,-1.0350269,0.787461281,0.616099371,-0.018063645
1,1,Radial Velocity,2015,93.4,0.49,,416.3573,0.06,,,4847,10.3,1.44,224.201685,74.9009379,-0.186741775,-0.181609126,0.965476895
1,1,Radial Velocity,2008,952.7,2.5,,1684.4,0.206,,,4785,11,2.4,39.4243555,-3.3963607,0.771106929,0.63394351,-0.059242967
3,1,Radial Velocity,2013,181.4,0.7,,1017,0.027,,,4665,11,1.4,348.9745031,-9.0878076,0.969221308,-0.188845181,-0.157947944
1,1,Imaging,2005,,260,,4290.5,,,,,,,94.8039208,-58.0541184,-0.044311535,0.527259287,-0.84854825
1,1,Transit,2020,8.46321,0.066,4.203,57.2094,0.1,,,3700,0.75,0.5,311.2911369,-31.34245,0.563590797,-0.641722119,-0.520152031
1,1,Radial Velocity,2017,481.9,1.3,,2034.112,0.2,,,4095,32.35,1.14,177.5647268,2.7601075,-0.997937816,0.042441446,0.048154334
1,1,Radial Velocity,2009,268.94,0.78,,330.5432,0.29,,,4864,0.86,0.49,318.4010002,14.6893834,0.723367339,-0.642212995,0.253578711
1,1,Radial Velocity,2016,153.22,0.576,,337.21763,0.001,,,4649,8.95,1.08,176.4820239,14.6163182,-0.96581392,0.059375866,0.252344958
1,1,Radial Velocity,2013,137.48,0.539,,352.78,0.26,,,4796,14.7,1.1,240.09564,15.5467507,-0.480312662,-0.835142251,0.268024565
1,2,Radial Velocity,2009,379.63,1.05,,17668.1697,0.15,,,4259,71.02,10.83,154.186782,19.8912626,-0.846511335,0.409460521,0.340236156
1,2,Radial Velocity,2009,621.99,2.01,,3963.17,0.18,,,4137,49,2.8,154.186782,19.8912626,-0.846511335,0.409460521,0.340236156
1,1,Radial Velocity,2012,578.2,1.3,,1334.886,0.21,,,4296,17.3,0.8,25.9203179,21.0052692,0.839635229,0.408072975,0.358453805
1,1,Transit,2016,41.6855,,2.578,22.2481,0,,,5766,1.08,1.67,53.6511231,20.5990205,0.554806492,0.753928691,0.351825646
1,1,Radial Velocity,2011,392.6,1,,289.2253,0.2,,,4414,11,0.74,40.7102869,49.5869395,0.491417635,0.422839377,0.76139055
1,1,Radial Velocity,2018,733,1.7,,540.311,0.76,,,4534,10.33,1.09,40.7425426,48.9300579,0.497760727,0.428785208,0.753908154
1,1,Radial Velocity,2015,2590,4.2,,508.5,0.35,,,4943,7.6,1.52,45.6406187,49.7299481,0.451928603,0.462149247,0.763006298
1,2,Radial Velocity,2013,3.8728,0.0428,,8.5,0,,,4324,,0.7,88.2511811,-5.9963378,0.030350932,0.994065343,-0.104464896
1,2,Radial Velocity,2013,125.94,0.435,,53,0.31,,,4324,,0.7,88.2511811,-5.9963378,0.030350932,0.994065343,-0.104464896
1,2,Radial Velocity,2009,5.6,0.06,,12.7132,0.15,,,4816,0.71,0.5,150.1971964,-9.5165689,-0.855799135,0.490176398,-0.165332815
1,2,Radial Velocity,2009,237.6,0.68,,104,0.19,,,4746,,0.74,150.1971964,-9.5165689,-0.855799135,0.490176398,-0.165332815
1,1,Radial Velocity,2000,3.48777,0.04,,187.5197,0.02,,,5393,0.91,1.47,164.6191243,-10.7704227,-0.947198779,0.260561898,-0.186874212
1,2,Radial Velocity,2014,1634,2.36,,206.5895,0.05,,,4550,0.64,0.65,278.3688659,-11.6370481,0.142553761,-0.969015471,-0.201711284
1,2,Radial Velocity,2020,74.2,0.3,,15.37,0.4,,,4550,0.64,0.65,278.3688659,-11.6370481,0.142553761,-0.969015471,-0.201711284
1,1,Radial Velocity,2007,714.29999,1.66,,3108.3774,0.21,,,4545,19.17,2.12,114.2884692,-13.9066703,-0.399274207,0.884769059,-0.24034105
1,1,Radial Velocity,2008,655.6,1.34,,1620.9,0.54,,,4714,0.69,0.74,7.1413494,-16.2273254,0.952712055,0.119364846,-0.279449056
1,1,Imaging,2011,10037.5,2.6,,3337.1,,,370,580.5,,0.02,224.6208333,10.2286111,-0.700458558,-0.691248513,0.177576184
1,1,Imaging,2006,,210,,3994.486,,,,,,0.35,166.6193985,-77.6258725,-0.208477107,0.049591669,-0.976769145
1,1,Radial Velocity,2019,8.9891,,,3686.828,0.25,,,,,0.9,68.4667685,22.8416192,0.338257988,0.857259499,0.388185118
1,1,Imaging,2007,,440,24.66,5403,,,2600,,,,166.0375038,-76.4553693,-0.227282939,0.056510007,-0.972187783
1,1,Transit,2008,1.5089557,,16.7,327.35,0,,1898,5950,1.11,0.95,102.0798591,-3.1021394,-0.208968174,0.97642396,-0.054116098
1,1,Transit,2010,13.2406,0.1055,10.87,874,0.53,,600,5075,0.79,0.89,291.0636813,0.7460143,0.35937489,-0.933102442,0.013020038
1,1,Transit,2010,2.99433,0.0436,16.03,740.51,0,,1657,6440,1.37,1.27,280.6872998,5.9376586,0.184453879,-0.977382028,0.103446299
1,1,Transit,2010,2.828042,0.04016,16.14,291.438,0.07,,1442,5675,1.12,1.08,100.7656871,-1.2964437,-0.1867452,0.982147813,-0.02262528
1,1,Transit,2010,4.03519,0.051,9.92,415.704,0,,1700,5945,1.01,1.09,102.7211432,-5.0864557,-0.219339019,0.971612065,-0.088658838
1,1,Transit,2010,1.51214,0.027,12.22,2415.4,0,,1952,6035,1.21,1.13,103.4242023,-5.5360385,-0.231075938,0.968141052,-0.096471828
1,1,Transit,2011,5.35227,0.0618,13.11,170.032,0.33,,,5650,1.19,1.1,278.5246658,-6.0026026,0.147422416,-0.98352986,-0.104573638
1,1,Transit,2011,3.7681,0.0461,11.43,772.29,0,,1626,5740,1.59,1.04,278.699236,-6.612288,0.150241554,-0.981920521,-0.115150193
1,1,Transit,2011,1.9000693,0.0295,14.68,1102.82,0.08,,1550,5440,1,0.95,98.1724172,-0.0316045,-0.142152407,0.989844629,-0.000551603
1,1,Transit,2011,3.89713,0.0518,14.46,352.78,0.047,,2000,6090,1.65,1.21,97.0335983,-0.1707293,-0.122450809,0.992470111,-0.002979784
2,1,Transit,2008,1.7429935,0.02798,16.432,1102.82,0.0143,,,5625,0.91,0.96,291.7770457,1.3836634,0.370887652,-0.928363757,0.024147135
1,2,Transit,2011,9.24285,0.09,,1366.669,0.59,,,,,1.14,97.7204249,0.2268931,-0.134338391,0.990927603,0.003960021
1,2,Radial Velocity,2018,1675,2.9,,5403.11,0.6,,,,,1.14,97.7204249,0.2268931,-0.134338391,0.990927603,0.003960021
1,1,Transit,2012,2.72474,0.0417,14.572,718.2958,0,,,6200,1.95,1.29,101.0526207,-0.2991544,-0.191707832,0.981438152,-0.005221206
1,1,Transit,2014,9.75598,0.092,4.88,12.2,0.077,,885,5939,1.14,1.1,280.6671392,6.2191669,0.184013656,-0.976935602,0.108331919
1,1,Transit,2011,3.6313,0.048,11.77,889.9,0.16,,1660,5900,1.61,1.14,279.7826586,4.3577516,0.169420039,-0.982610458,0.075983807
1,2,Transit,2014,5.1134,0.056,3.7,5.7,0,,1070,4950,0.86,0.91,101.922543,-3.7192892,-0.206154053,0.976367049,-0.064868263
1,2,Transit,2014,11.759,0.098,5,28,0,,850,4950,0.86,0.91,101.922543,-3.7192892,-0.206154053,0.976367049,-0.064868263
1,1,Transit,2013,4.86069,0.0578,12.11,85.81,0,,1330,6040,1.19,1.09,280.6296561,6.5138223,0.183269311,-0.976495298,0.113442904
1,1,Transit,2013,4.20474,0.0526,14.12,165.26,0,,1600,5590,1.79,1.09,279.7504991,6.9697828,0.168106581,-0.978271618,0.121345868
1,1,Transit,2014,3.57532,0.0476,11.287,3302.11,0.065,,1500,5900,1.08,1.05,278.4958319,5.5383811,0.14704779,-0.98440961,0.096512524
1,1,Transit,2015,5.20851,0.0603,10.705,153.82972,0.047,,,5150,1.78,1.01,278.6883216,5.5736911,0.150345143,-0.983851054,0.097125904
1,1,Transit,2015,2.85057,0.0386,10.088,270.1555,0.082,,,5260,0.9,0.97,278.9020691,6.4795703,0.15375757,-0.981643381,0.112848933
1,1,Transit,2008,4.2568,,11.32,6883.91,0,,,6740,1.56,1.37,292.0552827,0.1218359,0.375500177,-0.926819883,0.002126436
1,1,Transit,2020,9.06005,0.0844,11.31,921.707,0.007,,,5650,0.91,0.98,277.6011767,6.8359338,0.131336399,-0.984166346,0.119026696
1,1,Transit,2020,4.62941,0.0586,16.365,266.9772,0.02,,,5700,2.15,1.25,94.820735,-4.4222978,-0.083788265,0.993495863,-0.077107045
1,1,Transit,2008,9.20205,0.09,13.34,228.83,0,,1074,6190,1.17,1.16,102.1946233,-0.6727861,-0.211218511,0.977368336,-0.011742063
1,1,Transit,2009,4.0378962,0.04947,15.558,148.42,0.09,,1438,6100,1.19,1,101.2772396,0.8152163,-0.195536791,0.980593155,0.014227728
1,1,Transit,2009,8.886593,0.0855,13.068,940.74,0.1,,1017,6090,1.02,1.05,281.0725563,6.6632062,0.190754682,-0.974755873,0.116032926
1,2,Transit,2009,0.85359163,,1.681,4.07661,0,,,5275,0.83,0.82,100.9561682,-1.0630076,-0.190025276,0.981603902,-0.018551918
1,2,Radial Velocity,2009,3.698,0.046,,8.4,0,,,5256,0.86,0.9,100.9561682,-1.0630076,-0.190025276,0.981603902,-0.018551918
1,1,Transit,2010,6.21229,0.063,6.39,69.92,0,,,5080,0.77,0.88,291.5885696,1.4262972,0.367825058,-0.929561813,0.024891011
2,1,Transit,2009,95.272656,0.4021,11.949,266.9772,0.133,,420,5625,0.96,0.96,280.7866461,6.2040783,0.186056268,-0.976577654,0.108070119
1,1,Transit,2017,6.71837,0.071,6.389,47.6745,,132.26,938,5970,0.79,1.08,100.1951714,9.2573953,-0.174696456,0.971391787,0.160869958
2,1,Timing Variation,2018,4098.1,5.75,,3823.2733,0,,,,,0.51,201.7207198,45.5455449,-0.650616946,-0.25918451,0.713807382
1,1,Astrometry,2013,246.36,0.36,,9057.77,0.345,,,,,0.07,125.7620668,-49.2003008,-0.381870122,0.530215524,-0.756998486
1,1,Imaging,2004,,330,,3496,,,,,0.27,0.33,67.4231674,26.5493897,0.343437189,0.825996082,0.446969092
1,4,Radial Velocity,2019,18.57,0.1462,,24.27,0.083,,877,6196,1.26,1.21,86.7761233,-10.6303217,0.05527242,0.981282438,-0.184471507
1,4,Radial Velocity,2019,6.584,0.0733,,9.6,0.057,,1239,6196,1.26,1.21,86.7761233,-10.6303217,0.05527242,0.981282438,-0.184471507
1,4,Radial Velocity,2019,2.882,0.0422,,3.35,0.07,,1632,6196,1.26,1.21,86.7761233,-10.6303217,0.05527242,0.981282438,-0.184471507
1,4,Radial Velocity,2019,5.516,0.0651,,4.13,0.07,,1314,6196,1.26,1.21,86.7761233,-10.6303217,0.05527242,0.981282438,-0.184471507
1,1,Radial Velocity,2019,5.2072,0.0664,,138.89171,0.078,,1000,6500,1.78,1.44,27.407731,-34.4590985,0.731979494,0.379547445,-0.565817777
2,1,Radial Velocity,2019,6.6732,0.0662,,2.58,0.14,,854,5138,0.91,0.87,91.624382,-72.5126648,-0.008518136,0.300374224,-0.953783396
2,1,Timing Variation,2009,10220,8.19,,1922.79,0.39,,,,,0.69,169.3162193,17.9615717,-0.934773707,0.176353277,0.308379051
2,1,Transit,2019,8.138268,,5.7,,0,,850,5428,0.96,1.01,354.9154673,-69.196043,0.353773933,-0.031477221,-0.93480115
1,1,Transit,2020,6.7987,0.0349,1.047,,0,,,3648,0.28,0.29,170.1408561,-4.8070039,-0.981766242,0.170624333,-0.083799655
1,1,Transit,2019,28.1656,,1.87,,,,,,,0.41,179.7058532,-3.3894613,-0.998237565,0.005124827,-0.059122761
1,1,Transit,2019,2.13174,,0.692,,,,,,,0.78,168.9366786,0.4880606,-0.981380102,0.191886779,0.008518161
1,2,Transit,2019,3.80464,,1.22,,,,,,,1.07,185.1880932,2.2823788,-0.995113152,-0.090353885,0.03982449
1,3,Transit,2019,2.71578,,1.03,,,,,,,0.67,175.0972238,4.5574311,-0.993190913,0.085194975,0.079458328
1,1,Transit,2020,2.0478,0.0296,0.908,,0,,,4520,0.66,0.73,173.9385102,4.6164303,-0.99118312,0.105253154,0.08048476
1,2,Transit,2019,3.96151,,1,,,,,,,0.61,169.483654,5.988289,-0.977837775,0.181520086,0.104325185
1,1,Transit,2019,4.1698,0.035,1.04,,,,,5053,0.63,0.8,175.206752,6.1348146,-0.990795933,0.083081877,0.106868241
1,2,Transit,2019,8.050722,,1.31,,,,961,5502.7,0.83,0.88,333.1100738,-16.3418863,0.855845099,-0.434005812,-0.281368303
1,1,Transit,2019,4.50756,,1.7,,,,,,,0.93,331.2771441,-14.1218019,0.850452301,-0.466050073,-0.243984045
1,1,Transit,2019,2.87814,,1.01,,,,,,,0.22,341.2404563,-13.9011223,0.919144241,-0.312178179,-0.240247057
1,1,Transit,2019,5.29711,,1.62,,,,,,,0.56,337.5136198,-13.6101475,0.898024773,-0.37172397,-0.235314251
1,1,Transit,2019,2.25372,,0.9,,,,,,,0.41,335.0949721,-9.5097112,0.894542621,-0.415328277,-0.165214771
1,1,Transit,2019,1.58252,,0.96,,,,,,,0.71,337.6178427,-7.972456,0.915727646,-0.377102126,-0.13869703
1,1,Transit,2016,21.169861,0.131,1.98,,0.06,3.5,,4148.21,0.57,0.66,130.4102091,17.6399744,-0.617774267,0.725620313,0.303034844
1,1,Transit,2018,19.49221,0.1493,5.76,,,,817,6069,1.39,1.17,136.5741931,19.4020565,-0.68502106,0.648376926,0.332194986
1,1,Transit,2019,2.28943,,1.323,,,,,,,0.83,207.2061241,-17.6098985,-0.84769034,-0.435768202,-0.302534561
1,1,Transit,2019,18.0983,,2.17,,,,,,,1.11,202.3313765,-14.3594358,-0.896103787,-0.368092347,-0.248004089
1,1,Transit,2019,34.885,,1.6,,,,,,,0.91,202.488752,-12.7347749,-0.901226218,-0.37309286,-0.220438251
1,1,Transit,2019,15.2841,,1.12,,,,,,,0.95,205.4445125,-10.8625468,-0.886821899,-0.421938611,-0.188453514
1,2,Transit,2019,13.603,0.098,2.586,,0.2,,536,4684,0.67,0.69,204.2215065,-7.3180577,-0.904537623,-0.406923498,-0.127377214
1,2,Transit,2019,65.55,0.28,2.69,,0.2,,316,4684,0.67,0.69,204.2215065,-7.3180577,-0.904537623,-0.406923498,-0.127377214
1,2,Transit,2019,0.70531,,1.48,,,,,,,0.94,13.4321524,7.9952914,0.963191077,0.230035744,0.13909172
1,2,Transit,2016,0.571331,0.0134,1.82,,,,2119,5617,0.98,0.97,13.0800239,10.7947051,0.956818602,0.222307033,0.187290537
1,2,Transit,2016,13.339079,0.1091,2.73,,,,741,5617,0.98,0.97,13.0800239,10.7947051,0.956818602,0.222307033,0.187290537
2,1,Transit,2018,6.180235,0.07229,11.781,953.49,,642,1401,6202,1.59,1.32,78.9198197,16.2786991,0.184477828,0.942016089,0.280309862
1,1,Transit,2018,3650,4.5,12.442,4131.79,0,0.19,183,4898,2.7,0.9,159.3890808,11.8427484,-0.916069438,0.344527125,0.205226328
1,3,Transit,2020,3.5951,0.047,1.95,8.75,0.06,1037,1616,5430,1.71,1.05,228.2482353,-16.7246474,-0.637736072,-0.714478604,-0.287772528
1,3,Transit,2020,15.624,0.13,3.67,14.67,0.07,160,990,5430,1.71,1.05,228.2482353,-16.7246474,-0.637736072,-0.714478604,-0.287772528
1,3,Transit,2020,35.747,0.22,3.94,10.18,0.15,53,752,5430,1.71,1.05,228.2482353,-16.7246474,-0.637736072,-0.714478604,-0.287772528
1,1,Imaging,2008,,800,,5085.28,,,2375,2838,,0.05,65.8974962,25.0506711,0.369956454,0.826951058,0.423419615
1,1,Transit,2019,5.746007,0.0385,2.025,,0,7.2,456,3348,0.31,0.29,134.7188514,21.0747961,-0.656564088,0.663039393,0.359586375
1,3,Radial Velocity,2020,3.204,0.021,,1.37,0.31,3.8,,2953,0.16,0.12,54.0032486,-44.5143104,0.419102474,0.576913852,-0.701087386
1,3,Radial Velocity,2020,6.689,0.035,,1.74,0.29,1.4,,2953,0.16,0.12,54.0032486,-44.5143104,0.419102474,0.576913852,-0.701087386
1,3,Radial Velocity,2020,13.031,0.054,,1.64,0.53,0.6,,2953,0.16,0.12,54.0032486,-44.5143104,0.419102474,0.576913852,-0.701087386
1,2,Transit,2015,1.628931,0.0153,1.13,1.66,0.22,,529,3270,0.21,0.18,153.7090696,-47.1549358,-0.609674762,0.301199963,-0.733195244
1,2,Radial Velocity,2018,8.929,0.0476,,2.64,0.27,,300,3270,0.21,0.18,153.7090696,-47.1549358,-0.609674762,0.301199963,-0.733195244
1,2,Radial Velocity,2010,41.38,0.166,,96.7,0.38,,,3287,0.36,0.34,175.4326081,42.7515862,-0.731971833,0.058473799,0.678821075
1,2,Radial Velocity,2017,532.58,0.912,,68.06,0.342,,,3287,0.36,0.34,175.4326081,42.7515862,-0.731971833,0.058473799,0.678821075
1,1,Radial Velocity,2021,2.018,0.01735,,2.5,0,,,,,,177.7304866,48.3732334,-0.663754433,0.026305392,0.747487846
1,1,Transit,2009,1.58040456,0.01411,2.847,6.26125,,,,3026,0.22,0.15,258.8313991,4.9606795,-0.192971207,-0.977386667,0.086472062
1,1,Transit,2020,0.5182349,0.00916,1.193,2.09,0,,1089,3458,0.39,0.38,306.9286462,-56.4622865,0.331944471,-0.441648471,-0.833522343
1,1,Radial Velocity,2018,3.6511,0.026,,7.4,0.04,,,3236,0.19,0.18,333.4324675,-17.6870623,0.852129263,-0.426110761,-0.303817937
1,2,Transit,2019,35.61253,0.1915,2.61,22.7,0.188,,422,4640,0.69,0.73,51.7501882,-63.500166,0.27623561,0.350405568,-0.894935654
2,2,Radial Velocity,2014,11.4407,0.072,,3.03,0.094,,,3607,0.38,0.38,4.6126677,44.0247296,0.716711028,0.057824689,0.694968782
2,2,Radial Velocity,2018,7600,5.4,,36,0.27,,,3607,0.38,0.38,4.6126677,44.0247296,0.716711028,0.057824689,0.694968782
1,1,Radial Velocity,2014,5.2354,0.053,,10.2,0.06,,,4347,,0.69,61.6454173,-20.8564724,0.443807305,0.822361849,-0.356028181
1,3,Radial Velocity,2013,8.63182,0.0607,,10.6,0.073,,,,,,62.3228353,-53.3711768,0.277127532,0.528361708,-0.802517437
1,3,Radial Velocity,2013,25.63058,0.1254,,6.8,0.099,,,,,,62.3228353,-53.3711768,0.277127532,0.528361708,-0.802517437
1,3,Radial Velocity,2013,603.95116,1.0304,,29.4,0.373,,,,,,62.3228353,-53.3711768,0.277127532,0.528361708,-0.802517437
1,1,Radial Velocity,2009,2288,2.41,,260.61,0.21,,,3370,0.38,0.36,73.0245495,6.4752347,0.290099416,0.950328581,0.112773746
1,3,Radial Velocity,2014,17.133,0.092,,6.49,0.07,,,,,0.43,73.460097,-17.776194,0.271091221,0.91285358,-0.305299675
1,3,Radial Velocity,2014,24.329,0.129,,6.4,0.09,,,3371,,0.43,73.460097,-17.776194,0.271091221,0.91285358,-0.305299675
1,3,Radial Velocity,2020,106.3,0.309,,7.56,0.14,,,,,0.43,73.460097,-17.776194,0.271091221,0.91285358,-0.305299675
1,1,Radial Velocity,2020,69.971,0.283,,16.2,0.72,,,,,0.62,108.0194945,-24.8921008,-0.280603463,0.862609895,-0.420910758
2,2,Radial Velocity,2020,121.995,0.339,,7.268,0.19,,,,,0.58,92.6435993,-21.8677233,-0.042804409,0.927058561,-0.372465041
2,2,Radial Velocity,2014,526.115,0.898,,8.478,0.1,,,,,0.58,92.6435993,-21.8677233,-0.042804409,0.927058561,-0.372465041
1,1,Radial Velocity,2020,14.238,0.0818,,4,0.1,2.53,351,3451,0.36,0.36,103.7002499,33.2664632,-0.198030685,0.812339119,0.548533503
1,1,Radial Velocity,2014,15.819,0.101,,13,0.08,,,3542,,0.53,9.9980016,-44.2541679,0.705374055,0.12435111,-0.697842564
1,2,Radial Velocity,2017,18.6498,0.091101,,2.89,0.1,1.06,,3382,0.29,0.29,111.852091,5.225807,-0.370664716,0.924289941,0.091081134
1,2,Radial Velocity,2017,4.7234,0.036467,,1.18,0.17,6.66,,3382,0.29,0.29,111.852091,5.225807,-0.370664716,0.924289941,0.091081134
2,1,Radial Velocity,2000,133.71,0.49,,1071.04,0.511,,350,5540,0.9,0.9,4.0634323,-79.8514218,0.175758441,0.012485777,-0.984354142
1,1,Radial Velocity,2020,11.949,0.079,,8.2,0.22,,,,,0.47,18.6432425,-53.9407751,0.557734718,0.188167199,-0.808408987
1,3,Radial Velocity,2017,1.22003,0.0197,,1.78,0.19,118.1,,3717,0.5,0.68,32.2977385,-16.3392495,0.811144314,0.512739339,-0.281324141
1,3,Radial Velocity,2017,5.974,0.057,,4.18,0.11,13.9,,3717,0.5,0.68,32.2977385,-16.3392495,0.811144314,0.512739339,-0.281324141
1,3,Radial Velocity,2017,257.8,0.698,,10.5,0.32,0.1,,3717,0.5,0.68,32.2977385,-16.3392495,0.811144314,0.512739339,-0.281324141
1,2,Radial Velocity,2007,695.66,1.151,,557.1,0.07,,,,,0.42,130.2445254,-23.452809,-0.592679602,0.700237086,-0.397993608
1,2,Radial Velocity,2018,6739.323,5.23,,522.5,0.17,,,,,0.42,130.2445254,-23.452809,-0.592679602,0.700237086,-0.397993608
1,1,Radial Velocity,2013,4100,4.5,,731,0.37,,,3900,,0.69,133.7819507,1.5420011,-0.691665205,0.721716779,0.026909747
1,4,Radial Velocity,2015,30.5987,0.14339,,23.54,0.06,1.07,,3466,0.4,0.42,67.1484425,-25.1713396,0.351467698,0.834007025,-0.425326627
1,4,Radial Velocity,2015,122.6196,0.36175,,21.09,0.11,0.17,,3466,0.4,0.42,67.1484425,-25.1713396,0.351467698,0.834007025,-0.425326627
1,4,Radial Velocity,2017,48.1345,0.19394,,7.6,0.12,0.59,,3466,0.4,0.42,67.1484425,-25.1713396,0.351467698,0.834007025,-0.425326627
1,4,Radial Velocity,2017,13.2543,0.08208,,3.28,0.21,3.34,,3466,0.4,0.42,67.1484425,-25.1713396,0.351467698,0.834007025,-0.425326627
1,2,Radial Velocity,2017,5.3636,0.03282,,2.02,0.23,2.58,,3159,0.12,0.16,75.4868824,-6.9485133,0.248761047,0.960979924,-0.12097738
1,2,Radial Velocity,2017,40.54,0.1264,,2.31,0.17,0.17,,3159,0.12,0.16,75.4868824,-6.9485133,0.248761047,0.960979924,-0.12097738
1,1,Radial Velocity,2015,14.207,0.089,,6.6,0.31,,,3526,0.44,0.47,78.9471415,-31.2948458,0.163821123,0.83865511,-0.519442245
2,1,Radial Velocity,2020,24.45,0.141,,10.27,0.11,,391,4005,0.58,0.64,138.5916722,52.6835211,-0.45467193,0.400964692,0.795299159
1,1,Radial Velocity,2012,3.3366496,0.0355,4.57,13.9,,,594,3600,0.55,0.54,119.7735021,15.391209,-0.478763577,0.836865539,0.265408191
2,2,Transit,2020,1.1980035,0.01589,1.264,1.86,0,59.4,773,3347,0.36,0.36,120.5936065,3.3371629,-0.50808233,0.859339142,0.058211554
2,2,Radial Velocity,2020,15.509,0.0876,,7.41,0,1.95,329,3347,0.36,0.36,120.5936065,3.3371629,-0.50808233,0.859339142,0.058211554
1,1,Radial Velocity,2019,203.59,0.338,,147.15529,0.4356,,,3081,0.14,0.12,130.3316616,59.4918364,-0.32856393,0.386995557,0.861556837
1,3,Transit,2019,3.93072,0.035,1.217,1.84,,12.6,525,3505,0.34,0.34,144.0074644,-21.6650634,-0.751937458,0.546164885,-0.369180142
1,3,Radial Velocity,2019,9.1247,0.061,,3.4,,4.45,401,3505,0.34,0.34,144.0074644,-21.6650634,-0.751937458,0.546164885,-0.369180142
1,3,Radial Velocity,2019,55.661,0.204,,6.1,,0.38,220,3505,0.34,0.34,144.0074644,-21.6650634,-0.751937458,0.546164885,-0.369180142
1,1,Radial Velocity,2010,2.64561,0.0287,,8.4,0.08,,,,0.43,0.45,164.6433493,-31.1443383,-0.825309268,0.226656392,-0.517195796
1,1,Radial Velocity,2018,3.0232,0.026,,8,0.07,,,3324,0.28,0.27,200.7335358,24.4639425,-0.851273335,-0.322238917,0.414120502
1,1,Radial Velocity,2017,6.905,0.0608,,7.14,0.121,,590,3867,0.61,0.63,242.2645452,52.9441443,-0.2804408,-0.533358831,0.798048442
1,2,Radial Velocity,2016,2.64977,0.029,,2.47,0,,,3722,0.49,0.5,259.0020507,11.0561751,-0.187233029,-0.963414526,0.191771331
1,2,Radial Velocity,2016,13.74,0.089,,6.26,0.049,,,3722,0.49,0.5,259.0020507,11.0561751,-0.187233029,-0.963414526,0.191771331
1,1,Radial Velocity,2019,12.946,0.0789,,2.69,0.12,3.13,370,3601,0.39,0.39,165.834471,35.972317,-0.784692287,0.198055426,0.587394299
2,2,Radial Velocity,2021,50.8,0.2324,2.63,7.6,0.45,,309,4120,0.68,0.65,167.7745044,30.4451688,-0.842563235,0.182561109,0.506713565
2,2,Radial Velocity,2021,749.83,1.4,8.4,53.83,0.105,,125,4120,0.68,0.65,167.7745044,30.4451688,-0.842563235,0.182561109,0.506713565
1,1,Radial Velocity,2014,20.129,0.111,,11.07,0.11,,,,,0.35,168.9810458,-57.5425629,-0.526778838,0.102576295,-0.843790353
1,1,Radial Velocity,2019,13.352,0.082,,16.57,0.37,,,3387,0.41,0.41,336.3221454,59.412503,0.466017202,-0.204352458,0.860853089
1,3,Radial Velocity,2011,7.3705,0.062,,6.043,0.04,,,,,0.48,173.8619194,-32.5436302,-0.838149319,0.090135786,-0.537941687
1,3,Radial Velocity,2014,5094.105,4.819,,32.422,0.12,,,,,0.48,173.8619194,-32.5436302,-0.838149319,0.090135786,-0.537941687
1,3,Radial Velocity,2020,36.059,0.178,,5.223,0.07,,,,,0.48,173.8619194,-32.5436302,-0.838149319,0.090135786,-0.537941687
1,1,Radial Velocity,2004,2.64388312,0.0291,4.17,22.1,0.13827,,,,0.46,0.47,175.5505363,26.7030669,-0.89065492,0.069305671,0.449366818
1,1,Radial Velocity,2020,9.567,0.068,,13.2,0.1,,,,,0.45,189.7134226,11.6950708,-0.965201836,-0.165217704,0.202703051
1,1,Radial Velocity,2021,1.467119,0.01734,1.305,2.82,0.05,40.3,701,3340,0.33,0.32,191.981531,9.7494181,-0.964086978,-0.204598226,0.169339494
1,1,Imaging,2013,,43.5,,1271.3,,,510,6234,,1.22,199.192348,9.4249781,-0.931671427,-0.324302808,0.163756043
1,1,Radial Velocity,2016,8.7076,0.06661,,5.36,0.08,,,3685,0.5,0.52,210.2597264,-2.6522901,-0.862824684,-0.50338079,-0.046274664
1,3,Radial Velocity,2005,5.3686,0.04061,,15.8,0,,,3396,0.33,0.31,229.8564725,-7.7226935,-0.638857117,-0.757498485,-0.13437868
1,3,Radial Velocity,2007,12.914,0.0721,,5.5,0,,,3396,0.33,0.31,229.8564725,-7.7226935,-0.638857117,-0.757498485,-0.13437868
1,3,Radial Velocity,2009,3.149,0.02815,,1.7,0,,,3396,0.33,0.31,229.8564725,-7.7226935,-0.638857117,-0.757498485,-0.13437868
1,1,Radial Velocity,2017,14.628,0.078361,,2.82,0.13,,,3499,0.31,0.3,246.3557854,54.3033625,-0.234013626,-0.534511317,0.812117772
1,1,Radial Velocity,2009,598.3,1.135,,104.244,0.3,,,3700,,0.54,254.5363221,25.7419719,-0.240167092,-0.868151329,0.43431905
3,5,Radial Velocity,2011,7.2004,0.0505,,5.6,0.13,,,3350,,0.33,259.7510609,-34.9977651,-0.145751874,-0.806103664,-0.573544484
3,5,Radial Velocity,2011,28.14,0.125,,3.8,0.02,,,3350,,0.33,259.7510609,-34.9977651,-0.145751874,-0.806103664,-0.573544484
3,5,Radial Velocity,2013,62.24,0.213,,2.7,0.02,,,3350,,0.33,259.7510609,-34.9977651,-0.145751874,-0.806103664,-0.573544484
3,5,Radial Velocity,2013,39.026,0.156,,2.7,0.03,,,3350,,0.33,259.7510609,-34.9977651,-0.145751874,-0.806103664,-0.573544484
3,5,Radial Velocity,2013,256.2,0.549,,4.6,0.08,,,3350,,0.33,259.7510609,-34.9977651,-0.145751874,-0.806103664,-0.573544484
1,1,Radial Velocity,2007,4.6938,0.039,,11.09,0.2,,,3600,,0.35,262.1700476,-46.8989826,-0.093086534,-0.676916291,-0.730150144
2,4,Radial Velocity,2010,1056.80005,1.82,,1576.4368,0.33,,,3734,0.69,0.73,262.5448903,-51.6377777,-0.080526472,-0.615384617,-0.784102838
2,4,Radial Velocity,2016,7337,6.6,,2161.244,,,,,,,262.5448903,-51.6377777,-0.080526472,-0.615384617,-0.784102838
2,4,Radial Velocity,2012,3.6005,,,4.4,0.262,,,,,,262.5448903,-51.6377777,-0.080526472,-0.615384617,-0.784102838
2,4,Radial Velocity,2012,35.39,,,8.1,0.125,,,,,,262.5448903,-51.6377777,-0.080526472,-0.615384617,-0.784102838
1,2,Radial Velocity,2014,17.478,0.08,,4.4,0.08,,,3028,,0.27,264.2610245,-44.3232519,-0.071538502,-0.711823452,-0.698705672
1,2,Radial Velocity,2014,57.32,0.176,,8.7,0.1,,,3028,,0.27,264.2610245,-44.3232519,-0.071538502,-0.711823452,-0.698705672
1,1,Radial Velocity,2019,24.16,0.1344,,9,0,,,3816,0.54,0.55,263.8960378,61.6793482,-0.050444885,-0.471715941,0.880306415
1,2,Radial Velocity,2014,38.142,0.163,,17.2,0.17,,,,,0.4,264.1041731,68.3336741,-0.03792432,-0.36724766,0.92934972
1,2,Radial Velocity,2020,727.562,1.165,,16,0.4,,,,,0.4,264.1041731,68.3336741,-0.03792432,-0.36724766,0.92934972
1,1,Radial Velocity,2021,2.37756,0.029,,2.96,0.24,79,829,3913,0.56,0.58,284.4997178,5.902867,0.249047664,-0.963015431,0.10284231
1,2,Radial Velocity,2008,3657,3.56,,216,0.08,,,3472,,0.45,323.3912616,-49.0125169,0.526503628,-0.391140704,-0.754852886
1,2,Radial Velocity,2014,35.68,0.163,,5.4,0.18,,,3472,,0.45,323.3912616,-49.0125169,0.526503628,-0.391140704,-0.754852886
1,1,Radial Velocity,2006,1882,2.35,,317.83,0.04,,,3241,0.53,0.65,332.4229938,-4.6408317,0.883483384,-0.461422586,-0.080909256
2,1,Radial Velocity,1999,15.76491,0.11,,1404.8086,0.04,,,5182,0.77,0.93,32.6224785,-50.8209945,0.53208177,0.340574687,-0.775176027
1,4,Radial Velocity,1998,61.1166,0.208317,,723.2235,0.0324,,,,0.3,0.32,343.3239737,-14.2665958,0.928399286,-0.278109762,-0.246434022
1,4,Radial Velocity,2000,30.0881,0.12959,,226.9846,0.25591,,,,0.3,0.32,343.3239737,-14.2665958,0.928399286,-0.278109762,-0.246434022
1,4,Radial Velocity,2005,1.93778,0.020807,,6.83,0.207,,,,0.3,0.32,343.3239737,-14.2665958,0.928399286,-0.278109762,-0.246434022
1,4,Radial Velocity,2010,124.26,0.3343,,14.6,0.055,,,,0.3,0.32,343.3239737,-14.2665958,0.928399286,-0.278109762,-0.246434022
1,2,Radial Velocity,2020,9.262,0.068,,4.2,0,7.95,468,3688,0.47,0.49,346.4668274,-35.8530693,0.788017205,-0.189668796,-0.585708659
1,2,Radial Velocity,2020,21.789,0.12,,7.6,,2.56,352,3688,0.47,0.49,346.4668274,-35.8530693,0.788017205,-0.189668796,-0.585708659
1,2,Radial Velocity,2020,241.883,0.403,,30.9,0.18,,,,,0.15,30.0588307,13.0443172,0.8431777,0.487963912,0.225704644
1,2,Radial Velocity,2020,767.887,0.87,,71.6,0.33,,,,,0.15,30.0588307,13.0443172,0.8431777,0.487963912,0.225704644
1,1,Radial Velocity,2018,73.94,0.291,,19.66,0.44,,,3785,,0.6,35.5624031,47.8802075,0.545588841,0.39006199,0.741744202
1,3,Transit,2017,1.2089819,0.0188,1.577,4.91,0,,,4340,0.6,0.61,351.7717763,-1.2853435,0.989456823,-0.143080466,-0.022431594
1,3,Transit,2017,3.6480957,0.03925,1.241,0.84,0,,,4340,0.6,0.61,351.7717763,-1.2853435,0.989456823,-0.143080466,-0.022431594
1,3,Transit,2017,6.2014698,0.05591,2.022,4.04,0,,,4340,0.6,0.61,351.7717763,-1.2853435,0.989456823,-0.143080466,-0.022431594
1,1,Imaging,2004,,100,33.6,6356,,,2650,4360,1.94,,237.3003643,-35.6515055,-0.438982586,-0.683795214,-0.582853664
1,1,Imaging,2010,,300,,4258.7,,,,,,0.6,245.4776921,-20.7193398,-0.388204165,-0.850958139,-0.353790576
1,1,Imaging,2014,,2000,14.179,3591.3,,,1050,,,0.33,18.146485,17.0650029,0.908425585,0.297735223,0.293456458
1,1,Radial Velocity,2019,3.822,0.039435,,13.02,0.109,,830,3879,0.56,0.56,150.5865513,48.0824515,-0.581946532,0.328090009,0.744106968
2,1,Radial Velocity,2019,13.8508,0.0905,,5.63,0.363,,,3805,0.51,0.52,15.6687321,62.3454386,0.446891967,0.125352557,0.885761992
1,1,Radial Velocity,2018,15.53,0.091,,6.624,0.05,,,3656,0.43,0.43,264.4764878,18.5959509,-0.091228879,-0.943390149,0.31889233
2,1,Transit,2006,4.46529976,0.05561,14.785,166.86075,,,1322,5980,1.17,1.15,344.4453632,38.674919,0.752110884,-0.209351379,0.624900966
1,2,Transit,2008,4.88780244,0.05254,4.36,23.4,0.218,,,4780,0.68,0.81,297.7101763,48.0818635,0.310651207,-0.591448096,0.744100112
1,2,Radial Velocity,2018,3407,4.13,,507,0.601,,,4780,0.68,0.81,297.7101763,48.0818635,0.310651207,-0.591448096,0.744100112
1,1,Transit,2009,3.2130598,0.0384,10.749,67.059,0,,963,4650,0.7,0.73,209.3886452,43.49331,-0.632096754,-0.356003194,0.688269874
1,2,Transit,2009,2.91625,,14.258,270.462,0.0133,,,,,,129.8823772,47.3519076,-0.43441813,0.519883114,0.735528678
1,2,Radial Velocity,2009,446.27,,,4538.421,0.6616,,,,,,129.8823772,47.3519076,-0.43441813,0.519883114,0.735528678
2,1,Transit,2010,4.62767,,15.917,1093.3352,0.11,,,6600,1.82,2.65,260.1161719,38.2421682,-0.134814995,-0.773744472,0.618986598
1,1,Transit,2010,10.8635,,11.882,616.5902,0.19,,,5568,1.07,1,66.248142,39.460602,0.310968244,0.70666693,0.635547482
3,1,Transit,2010,2.77596,0.0413,14.448,1332.605,0.036,,1626,6158,1.24,1.22,9.5730343,42.4630961,0.727439253,0.122685012,0.675115191
1,2,Transit,2010,10.33852,,11.769,184.3414,0.35,,,5246,0.87,0.99,324.5359781,30.4881882,0.701864926,-0.499970721,0.507360723
1,2,Radial Velocity,2010,5584,5.6,,1080.6,0.39,,,5336.96,0.84,0.92,324.5359781,30.4881882,0.701864926,-0.499970721,0.507360723
1,1,Transit,2010,5.508023,0.0559,11.153,62.61,0.084,,852,4803,0.75,0.77,256.346376,33.0123251,-0.197941939,-0.814856291,0.544819432
1,1,Transit,2010,4.008778,0.0466,12.689,92.802,0.067,,1010,4990,0.82,0.84,9.5165832,34.7114025,0.810717772,0.135908857,0.569443128
1,1,Transit,2007,5.6335158,0.06814,,2739.6946,0.5172,,,6380,1.39,1.33,245.1514324,41.0479601,-0.316914253,-0.684341212,0.656690538
1,1,Transit,2010,2.875317,0.0361,9.718,2302.899,0.015,,970,4595,0.69,0.76,111.9164295,24.3361185,-0.340087863,0.845294656,0.412088813
1,1,Transit,2010,4.12448,,12.442,1547.8321,0.23,,,5588,1.21,1.24,171.2749348,41.0280207,-0.74565857,0.114435659,0.656428044
2,1,Transit,2010,3.21222,,12.89,785.0401,0.02,,,5302,1.11,1.13,155.6814593,50.1287115,-0.58418345,0.263996554,0.767486492
1,1,Transit,2010,1.21288,,12.218,425.8922,0.11,,,5905,0.96,0.58,306.1239076,16.7621462,0.564484321,-0.773423118,0.288399258
2,1,Transit,2010,3.35524,,14.572,238.3725,0.07,,,6373,1.38,1.37,108.8251171,14.2626064,-0.312734579,0.917333424,0.24636654
1,1,Transit,2010,3.65281514,0.0466,12.722,180.84527,0.023,325,1182,5519,0.92,1.01,48.4354731,25.1973548,0.600332409,0.67701445,0.425737518
1,1,Transit,2010,4.23452,,7.062,22.2481,0.12,,,5079,0.87,1.12,213.1565508,4.0594175,-0.83507897,-0.545556373,0.070790941
2,1,Transit,2011,3.039577,0.04,11.43,197.05,0,,,5316,0.86,0.92,222.7673221,5.9473626,-0.730165874,-0.675367884,0.103614756
1,1,Transit,2011,3.257215,0.0434,13.585,198.953,0.051,,1384,5680,1.1,1.02,13.0009159,34.728402,0.800794525,0.184891467,0.569686997
2,1,Transit,2011,5.72319,,13.115,279.6904,0.09,,,6087,1.3,1.45,33.1310921,51.7787754,0.518112696,0.3381542,0.785627757
2,1,Transit,2007,2.8997,,10.536,206.5895,0,,,5185,0.87,1.06,206.0940142,48.028565,-0.600595679,-0.294150987,0.74347833
2,1,Transit,2011,2.8106,,16.141,263.7989,0.04,,,6304,1.31,1.55,123.9498431,5.8368669,-0.555571563,0.825226074,0.101696431
1,1,Transit,2011,5.00542,,12.218,721.4741,0.25,,,6065,1.39,1.31,271.5376722,26.4266061,0.024030184,-0.895182717,0.445051068
2,1,Transit,2011,2.1500082,0.03397,22.194,216.1244,0.159,1841,1836,6001,1.37,1.13,31.0427614,46.6878512,0.587729484,0.353740771,0.727627323
2,1,Transit,2011,3.47447,,20.737,292.4036,0,,,6446,1.79,1.82,113.1842383,33.8350214,-0.327015556,0.763564505,0.556803441
1,1,Transit,2011,5.452654,0.06774,13.417,1058.3739,0.432,,,6442,1.53,1.39,303.1954355,18.1047776,0.520389909,-0.795377424,0.310755687
3,1,Transit,2011,3.646706,0.04978,14.93,335.62848,0.02,,,6096,1.44,1.24,123.250703,4.7870288,-0.546390886,0.8333623,0.083452245
1,1,Transit,2011,1.32734683,0.0241,14.314,587.41341,,,1781,5620,1.04,1.03,188.2662048,44.9153672,-0.700793349,-0.101812578,0.706061528
1,1,Transit,2011,2.797436,0.0379,13.204,371.528,0.058,,1271,5500,0.88,0.93,284.2960393,51.2691212,0.154496274,-0.606288134,0.780093328
1,1,Transit,2012,4.640382,0.0523,9.247,84.857,0.067,,1082,5330,0.92,0.89,35.3834942,32.2460441,0.689547397,0.48973692,0.533556123
2,1,Transit,2012,3.54387,0.0509,17.609,190.372,0,,1752,6430,1.62,1.4,113.7582526,17.8300283,-0.383527884,0.871292966,0.306194267
2,1,Transit,2007,3.056536,0.04438,14.28,213.255,0,,1686,5860,,,229.99122,36.229545,-0.518602946,-0.617854618,0.591021704
1,1,Transit,2012,4.45724,,17.038,152.5584,0,,,6080,1.94,1.03,335.5129199,45.4573423,0.638348899,-0.290738532,0.712728412
2,1,Transit,2012,2.69405,,22.978,378.2177,0,,,6390,2.05,2.56,297.3226523,4.6724124,0.457475453,-0.885483316,0.081458624
1,1,Transit,2012,4.641878,0.0575,14.348,331.801,0,,1428,5743,1.53,1.18,135.3443583,6.0970828,-0.707320007,0.698868451,0.106213445
1,1,Transit,2012,3.332687,0.0443,14.359,210.395,0,,1361,5645,1.1,1.05,128.9256885,10.2065866,-0.618369036,0.765650473,0.17719788
1,2,Transit,2014,4.301219,0.0507,13.922,111.871,0.044,,1108,5295,0.95,0.94,213.1438604,47.0147826,-0.570879505,-0.372774706,0.731529636
1,2,Radial Velocity,2014,872.2,1.752,,1271.3,0.494,,,5295,0.95,0.94,213.1438604,47.0147826,-0.570879505,-0.372774706,0.731529636
1,1,Transit,2014,3.128992,0.0452,15.984,283.492,0.049,,1652,6330,1.32,1.26,274.3732697,-3.3810594,0.076121134,-0.995352882,-0.058976376
1,1,Transit,2014,4.463129,0.0577,14.392,156.684,0.123,,1458,6120,1.4,1.28,270.4441831,-2.97098,0.00774196,-0.998625905,-0.051830149
1,1,Transit,2014,2.69155,,17.822,699.226,0,,,6820,2.06,2.22,305.4413294,26.6926759,0.518071676,-0.727885149,0.449204796
1,1,Transit,2007,2.78849,,13.563,311.4734,0,,,5960,1.12,1.04,274.4055335,36.6214617,0.061651522,-0.800222692,0.59652555
1,1,Transit,2015,3.1220109,0.0453,14.437,429.0705,0.115,,1862,6280,1.7,1.27,118.0634379,12.1393474,-0.459929192,0.862695343,0.210289998
1,1,Transit,2015,4.2180278,0.05069,14.493,98.20947,0.123,,1192,5449,1.04,0.98,21.0651251,32.8107,0.784299209,0.302087538,0.541865177
1,1,Transit,2015,2.7535953,0.03694,11.31,259.98494,0.047,,1218,5131,0.89,0.89,42.7217412,29.0222492,0.642407318,0.593247903,0.485149218
1,1,Transit,2015,1.9616241,0.03159,14.773,471.65972,0.134,,1778,5956,1.21,1.09,21.8711012,38.9681137,0.721535218,0.289632645,0.628887796
1,1,Transit,2015,3.799847,0.04117,10.581,241.5508,0.074,,818,4390,0.62,0.65,99.8979924,25.4824005,-0.155172245,0.889280848,0.43023383
1,1,Transit,2015,3.5852467,0.04604,13.249,184.97706,0.139,,1313,5808,1.01,1.01,264.2735096,25.7311468,-0.089885747,-0.896345537,0.434148859
1,1,Transit,2015,2.79083,,16.926,734.1873,,,,6566,1.47,1.42,100.8480137,27.2521823,-0.167313658,0.873113171,0.457907776
3,1,Transit,2015,2.4653,,19.504,448.1403,0,,,6330,1.85,2.77,274.743418,10.5971968,0.081283329,-0.979577772,0.18390326
1,1,Transit,2007,3.85298,,16.589,419.5356,0,,,6570,1.62,1.79,354.7740917,42.4659866,0.734611971,-0.067189872,0.675152407
1,1,Transit,2016,2.6054552,0.03951,21.185,167.49641,0.304,,1930,5835,1.86,1.21,315.9054895,11.9893675,0.702526428,-0.680664965,0.20773017
1,1,Transit,2016,2.972086,0.04363,17.822,248.86089,0.09,,1896,6002,1.88,1.25,150.5726262,53.9508237,-0.512553308,0.289131661,0.808512207
2,1,Transit,2017,4.8101025,0.06505,23.371,108.0622,0,,1903,6406,2.55,1.64,256.6107279,44.7768849,-0.164378101,-0.690560565,0.704347887
1,1,Transit,2020,2.29840551,0.02996,12.016,230.10892,0.041,184.8,1028,4508,0.67,0.68,118.4831501,23.9382192,-0.435878999,0.803352563,0.405751351
1,1,Transit,2019,4.7869491,0.06555,18.786,1137.8314,0,,1930,7394,1.93,1.65,130.5056385,3.7105662,-0.648161283,0.758748145,0.064716338
2,1,Transit,2008,2.20474,,16.926,584.8072,0,,,6389,2,1.56,292.24719,47.9695429,0.253484532,-0.619685448,0.742789026
1,1,Transit,2019,2.74432452,0.04739,20.961,2154.8874,0,,2562,8450,1.86,1.89,74.5523332,9.9979794,0.262313151,0.949236631,0.173613447
3,1,Transit,2008,3.07634,,15.693,406.8224,0,,,6200,1.57,1.27,343.0414932,35.4471778,0.779226465,-0.237616518,0.579952159
1,1,Transit,2008,3.92281072,0.05287,15.614,238.05467,0.084,931,1540,6350,1.34,1.28,110.1685157,37.1405946,-0.274845512,0.748276815,0.603772932
1,1,Transit,2012,3.446459,0.0444,14.594,589.55,0.12,,1359,5870,1.04,0.99,175.5252399,-23.3548451,-0.91526888,0.071627546,-0.396424483
1,1,Transit,2015,3.312846,0.04491,10.862,167.17858,0.501,,1407,5880,1.1,1.1,294.3068385,-22.2044872,0.381097572,-0.843769033,-0.377913297
1,1,Transit,2016,3.619188,0.0507,18.03,,,,1596,6563,1.54,1.33,289.4007603,-22.3900092,0.307131897,-0.872111354,-0.380909155
1,1,Transit,2016,3.142702,0.0441,7.76,,,,1446,6357,1.17,1.16,289.202402,-19.3559227,0.310315769,-0.890985234,-0.331435418
1,1,Transit,2015,3.0440499,0.04057,13.585,172.58169,0.181,,1244,5523,0.89,0.96,316.9614798,-26.0967205,0.656382292,-0.612911934,-0.439887768
1,1,Transit,2015,2.7667641,0.03815,11.646,340.39593,0.142,,1276,5346,0.93,0.97,313.2154754,-25.6873756,0.617072473,-0.656759872,-0.433460533
1,1,Transit,2016,1.74748753,0.02712,12.386,689.6911,0.126,,1505,5311,0.92,0.87,311.0920041,-19.4375266,0.619808904,-0.710700477,-0.332778836
1,1,Transit,2016,2.686502,0.03744,14.572,1039.3041,0,,1592,5738,1.24,0.97,358.5588439,-30.0130385,0.865637696,-0.021777908,-0.500197064
1,1,Transit,2016,16.254611,0.1308,8.709,425.25654,0.029,72.7,814,5846,1.09,1.13,192.1895676,-47.6136789,-0.658927462,-0.142339579,-0.738616304
1,1,Transit,2016,0.83784,0.0174,14.897,629.14449,,,2069,5600,1.02,1.04,173.9574203,-29.1560639,-0.868443841,0.091929696,-0.487190133
1,1,Transit,2013,1.354133,0.023,13.092,427.463,0,,1577,5227,0.9,0.88,176.7388264,-22.5630097,-0.921962675,0.052533214,-0.383699216
1,1,Transit,2017,4.7228124,0.05025,10.682,870.8542,0.079,,858,4803,0.69,0.76,174.0098693,-29.5433642,-0.865232552,0.090788924,-0.493082146
1,1,Transit,2017,2.1605156,0.03397,20.849,467.2101,0.114,,1654,5780,1.2,1.12,286.36675,-50.0673496,0.180873851,-0.615875952,-0.766799493
1,1,Transit,2017,1.3484978,0.0238,15.637,718.2958,0,,2166,6125,1.12,1.07,268.8907069,-61.7474,-0.009164057,-0.473270926,-0.880869259
1,1,Transit,2016,4.2986432,0.05163,14.123,194.82979,0.176,,1277,5715,1.11,0.99,207.9076746,-23.7812403,-0.808669271,-0.428307034,-0.4032457
1,1,Transit,2016,3.3023881,0.04735,19.616,206.5895,0.245,,1918,6071,2.04,1.3,144.9268593,-28.5856004,-0.718656544,0.504577143,-0.478471188
1,1,Transit,2016,4.637038,0.0611,16.814,168.4499,0.581,,1659,6438,1.74,1.42,193.5524603,-46.5877159,-0.668107511,-0.161045545,-0.726427344
1,1,Transit,2016,3.1810781,0.04131,13.384,213.58176,0.202,,1253,5498,0.92,0.93,284.3997616,-49.1385126,0.162698395,-0.633679359,-0.756293397
1,1,Transit,2016,4.6058749,0.05475,14.022,207.54299,0.158,,1212,5670,1.07,1.03,285.0965172,-54.8933408,0.149782479,-0.555252742,-0.818082882
1,1,Transit,2013,3.547851,0.0485,15.48,340.382,0,,1648,6351,1.4,1.21,312.4574879,-24.4286938,0.61461088,-0.671730021,-0.41356045
2,1,Transit,2016,3.1743516,0.04354,13.171,224.38798,0.096,,1414,5943,1.06,1.09,5.618525,-59.9425892,0.498461244,0.04903727,-0.865523965
1,1,Transit,2016,3.37796,0.0478,18.383,279.6904,0.233,,1823,6050,1.87,1.27,191.7028214,-24.4273897,-0.891559641,-0.184678912,-0.413539726
1,1,Transit,2016,2.8126548,0.04024,14,292.4036,0.471,,1437,5700,1.1,1.1,346.0750861,-21.2720168,0.904482712,-0.224254269,-0.36279615
1,1,Transit,2016,2.5495551,0.03727,13.787,378.85336,0.08,,1429,5659,1.02,1.06,294.6336944,-55.3302692,0.237103414,-0.517075166,-0.822444675
1,1,Transit,2016,2.1061607,0.03166,16.029,299.07803,0.108,,1445,5380,0.98,0.95,0.7744866,-62.4693167,0.462181335,0.006247843,-0.886763428
1,1,Transit,2016,1.8209993,0.03199,16.41,388.38826,0.306,,2037,6300,1.43,1.32,296.688442,-63.5656488,0.199944058,-0.397744373,-0.895445022
1,1,Transit,2018,4.175186,0.0523,12.92,,,,1203,5950,1.1,1.1,291.4787013,-23.2028183,0.336539213,-0.855286798,-0.39398712
2,1,Transit,2020,4.3315366,0.04913,6.793,31.46517,0,229.7,1085,5326,0.88,0.84,199.80183,-22.9868431,-0.866159751,-0.311867949,-0.390519742
1,1,Transit,2020,4.375021,0.05036,6.882,23.51942,0,464.7,1294,5732,1.1,0.89,154.2710615,-25.2762982,-0.814609077,0.392551729,-0.426983831
1,1,Transit,2018,4.5776348,0.06007,17.598,200.2329,0.275,,1645,6572,1.62,1.38,112.4192251,-29.9379163,-0.330491701,0.801069936,-0.499061312
1,1,Transit,2014,2.516729,0.0362,11.433,420.471,0.013,,1315,5403,0.93,1,94.1120914,-22.5468824,-0.066227019,0.92118853,-0.383439271
1,1,Transit,2018,3.2642736,0.04997,17.71,505.3497,0.312,,2101,6460,2.26,1.56,100.5712467,-29.77678,-0.159235496,0.853235256,-0.496622245
1,1,Transit,2018,4.193649,0.0583,14.908,3082.951,0.38,,1710,6424,1.71,1.5,103.5173558,-27.0504156,-0.208170322,0.865936152,-0.454774337
1,1,Transit,2018,2.292102,0.03689,15.693,597.5204,0.229,,1856,6060,1.48,1.27,108.4523991,-33.4373462,-0.264129654,0.79158525,-0.551024789
1,1,Transit,2018,4.3888497,0.04944,13.227,82.95363,0.173,,1003,5099,0.81,0.84,80.5382418,-30.9708179,0.140952218,0.845764647,-0.514601432
1,1,Transit,2018,2.7439004,0.03649,11.96,177.9848,0.279,,1161,5080,0.85,0.86,84.3267559,-27.9725758,0.087306049,0.878846284,-0.469048893
1,1,Transit,2018,4.1876244,0.05511,14.415,222.481,0.24,,1518,6450,1.31,1.27,101.9942455,-21.9107112,-0.192802359,0.907511954,-0.373161231
1,1,Transit,2018,4.7423729,0.05367,10.122,54.98459,0.559,,1054,5495,0.85,0.92,6.7026401,-56.3161021,0.550819985,0.064732208,-0.83211002
1,1,Transit,2020,3.9228038,0.04269,12.52,117.27927,0.088,87.73,853,4512,0.66,0.67,287.4844021,-49.6649424,0.194465669,-0.61735228,-0.762272435
2,1,Transit,2020,3.1316666,0.03769,8.967,77.23269,0.162,137.6,955,4546,0.72,0.73,288.6720048,-59.5793505,0.162106288,-0.479694057,-0.862331238
1,1,Transit,2020,4.1480467,0.04515,8.575,112.19399,0.071,80.45,835,4405,0.7,0.71,6.6135927,-56.3442798,0.550513355,0.063828923,-0.832382673
1,1,Transit,2014,4.763387,0.0542,10.223,75.323,0.019,,1025,5304,0.87,0.94,67.2228465,-21.4820568,0.360253687,0.857967156,-0.366209832
1,1,Transit,2017,3.8297015,0.05046,12.666,123.9537,0.516,,,5990,1.12,1.17,300.4280761,-26.077564,0.454898984,-0.77448677,-0.439587485
1,1,Transit,2017,3.3488702,0.04639,15.805,244.09344,0.33,,1553,5758,1.44,1.19,102.8474248,-29.0586551,-0.194366105,0.852239829,-0.485704736
1,1,Transit,2017,1.36665436,0.02498,15.491,711.9392,0.246,,1834,6010,1.05,1.11,140.0875894,-31.2692116,-0.655606337,0.548413316,-0.519059886
1,1,Transit,2017,3.8537768,0.04753,15.02,189.10885,0.33,,1312,5644,1.1,0.96,176.628323,-33.8600764,-0.828963315,0.04883828,-0.557166623
1,1,Transit,2019,2.5441828,0.03763,11.96,241.5508,0.126,,1625,5702,1.32,1.1,200.6348641,-44.6888393,-0.665326537,-0.250541955,-0.703256232
1,1,Transit,2019,4.2042001,0.05412,14.022,292.72143,0.092,,1367,6214,1.13,1.2,114.2833819,-32.7554188,-0.345856249,0.766579423,-0.541054011
1,1,Transit,2019,4.324799,0.06043,18.921,191.33366,0.019,,1902,6536,2.2,1.57,180.165072,-45.7994559,-0.697169017,-0.002008584,-0.716903987
1,1,Transit,2019,2.350621,0.03493,12.767,1000.21101,0.028,,1413,5587,0.96,1.03,60.9482779,-19.0568182,0.458985834,0.826272399,-0.326505632
2,1,Transit,2019,4.2180896,0.05798,12.274,327.3649,0.168,,1721,7175,1.43,1.46,186.7873036,-48.9784105,-0.651743526,-0.077569238,-0.754462318
1,2,Transit,2018,5.416081,0.06112,12.621,256.17098,0.129,269,1128,5670,1.04,1.04,170.324325,-22.388177,-0.911471782,0.155402481,-0.380879588
1,2,Radial Velocity,2018,1422,2.504,,4036.441,0.083,0.16,176,5670,1.04,1.04,170.324325,-22.388177,-0.911471782,0.155402481,-0.380879588
1,1,Transit,2015,3.3252725,0.03623,11.187,101.38777,0,,713,3724,0.57,0.57,88.1468079,-19.0316268,0.030570992,0.944844279,-0.326090023
1,1,Transit,2018,3.560829,0.04708,12.924,210.40346,0.191,903.9,1528,5688,1.46,1.1,341.3640336,-14.9917747,0.915315604,-0.308677516,-0.258680376
1,1,Transit,2018,7.817953,0.07908,13.395,1080.622,0.092,374.2,1226,5542,1.66,1.08,61.6578005,-25.3496674,0.429025017,0.795381961,-0.428141415
1,1,Transit,2018,3.2768837,0.04163,11.825,56.89157,0.298,387.4,1237,5416,0.93,0.9,312.4493079,-24.303506,0.615123381,-0.672482904,-0.411570128
1,1,Transit,2018,3.0566527,0.04026,13.529,305.1168,0.136,634.1,1398,5627,1.07,0.93,67.418582,-28.1972149,0.338425723,0.813759357,-0.472507925
1,1,Transit,2018,4.908897,0.06562,18.82,305.1168,0.151,1711,1793,6554,2.11,1.56,144.2876092,-29.800444,-0.704585377,0.506527042,-0.496980686
2,1,Transit,2018,3.105161,0.04497,16.825,260.93843,0.062,1178,1634,6277,1.31,1.26,292.9397825,-26.7402021,0.348080565,-0.822428575,-0.44994573
1,1,Transit,2018,3.1414391,0.04714,15.816,1694.0339,0.064,2637,1998,6626,1.84,1.41,101.3948048,-33.8816918,-0.164019447,0.813826657,-0.55747986
1,1,Transit,2018,1.6091788,0.03032,18.887,460.8535,0.057,3821,2193,6594,1.44,1.44,180.2087883,-46.1364201,-0.692939069,-0.002525111,-0.720991727
1,1,Transit,2018,3.5862202,0.05071,13.809,410.0007,0.036,1521,1741,6147,1.75,1.35,15.006077,-58.9047242,0.498850504,0.1337233,-0.856309671
1,1,Transit,2018,2.2252577,0.03211,10.593,183.38791,0.519,466.6,1296,5137,0.88,0.89,289.2974275,-60.8917599,0.160761761,-0.45912961,-0.873702271
1,1,Transit,2015,3.185315,0.04012,6.311,38.1396,0.17,,1084,4985,0.81,0.85,208.8567465,-21.2078587,-0.816512881,-0.449935423,-0.361752444
1,1,Transit,2019,1.8882378,0.03632,15.513,4100.007,0.18,9110,2730,7930,1.88,1.78,109.1045212,-31.2443947,-0.279822822,0.807873918,-0.518689619
1,1,Transit,2020,3.7955202,0.03745,11.478,117.5971,0,,587,3405,0.48,0.49,15.5518893,-61.7561333,0.455899658,0.126876912,-0.8809414
1,1,Transit,2020,7.3279474,0.066517,8.097,39.85588,0.013,49.58,739,4656.1,0.72,0.73,339.0258401,-17.0003046,0.89294042,-0.342305741,-0.292376789
1,1,Transit,2015,3.583893,0.04667,9.785,43.86054,0.376,,1324,5679,1.09,1.06,294.9416887,-25.7483655,0.379825775,-0.816708041,-0.434419563
1,1,Transit,2015,1.915291,0.0312,13.85,,,,1746,5599,1.56,1.1,290.8101704,-20.1663771,0.333493065,-0.877457465,-0.344747403
1,1,Imaging,2014,,53,77.342,,,,,10500,,2.4,173.3555116,-70.1947897,-0.336547677,0.039204736,-0.940849961
2,1,Radial Velocity,2011,157.57001,0.68,,511.7063,0.09,,,4891,10.06,2.28,173.7653631,20.441541,-0.931486955,0.101761659,0.349251511
1,1,Radial Velocity,2007,383.70001,1.03,,327.3649,0.36,,,5533,1.04,0.83,173.9646303,-4.7555425,-0.991033747,0.104780425,-0.08290461
1,6,Radial Velocity,2010,5.75969,0.06412,,13.22173,0.073,,,5911,1.11,1.06,24.4731133,-60.5114881,0.448023304,0.203922133,-0.870454412
1,6,Radial Velocity,2010,16.357,0.12859,,12.01397,0.131,,,5911,1.11,1.06,24.4731133,-60.5114881,0.448023304,0.203922133,-0.870454412
1,6,Radial Velocity,2010,49.748,0.2699,,25.58532,0.051,,,5911,1.11,1.06,24.4731133,-60.5114881,0.448023304,0.203922133,-0.870454412
1,6,Radial Velocity,2010,122.744,0.4929,,22.94733,0.119,,,5911,1.11,1.06,24.4731133,-60.5114881,0.448023304,0.203922133,-0.870454412
1,6,Radial Velocity,2010,604.67,1.427,,23.26516,0.263,,,5911,1.11,1.06,24.4731133,-60.5114881,0.448023304,0.203922133,-0.870454412
1,6,Radial Velocity,2010,2205,3.381,,65.66368,0.095,,,5911,1.11,1.06,24.4731133,-60.5114881,0.448023304,0.203922133,-0.870454412
2,1,Radial Velocity,2005,70.46,0.3,,79.4575,0.11,,,5108,0.86,0.57,175.875608,-58.0053798,-0.528467484,0.038107163,-0.848097849
1,1,Radial Velocity,2005,20.8133,0.15,,54.0311,0.12,,,5655,1.23,1.06,176.2097267,-58.7040134,-0.518323048,0.0343386,-0.854495219
1,1,Radial Velocity,2006,4.11377,0.05,,130.3103,0,,,5301,0.82,0.76,176.4254063,2.8209912,-0.996845004,0.06227241,0.049215695
1,1,Radial Velocity,2008,127.58,0.51,,1570.0802,0.05,,,4790,10.3,1.45,176.5980316,14.1240201,-0.968060861,0.057546788,0.24402159
1,2,Radial Velocity,2011,778.09998,1.81,,2593.4928,0.21,,,4745,9.82,3.21,176.6941567,3.4742143,-0.996501171,0.057559862,0.060599327
1,2,Radial Velocity,2018,1123,,,483.1016,0.209,,,,,1.3,176.6941567,3.4742143,-0.996501171,0.057559862,0.060599327
2,1,Radial Velocity,2010,122.1,0.46,,16,0.34,,,5630,,0.85,176.6208003,-40.4986211,-0.759099444,0.044822271,-0.649429748
1,1,Radial Velocity,2019,3090.942,4.074,,113.9,0.11,,,5436,,0.95,177.5854673,-1.2522989,-0.99887354,0.042119011,-0.021854999
2,1,Radial Velocity,2010,6.4947,0.0807,,305.1168,0.037,,,4985,4.55,1.66,177.8436988,57.6406584,-0.534848513,0.020138295,0.844707948
1,1,Radial Velocity,2009,47.84,0.25,,28.6047,0,,,5250,0.88,0.8,178.2201971,-50.2927911,-0.638556411,0.019842129,-0.76931918
1,1,Radial Velocity,2014,4.5557,0.0498,,197.046,0.086,,,5017,0.73,0.79,179.1713308,-2.7791393,-0.998719392,0.014445492,-0.048486113
2,1,Radial Velocity,2013,5.8881,0.07,,116,0.09,,,6489,,1.33,179.2310729,-12.1079951,-0.977665929,0.013121367,-0.209755002
1,1,Radial Velocity,2019,120.878,0.439,,11.2,0.19,,,4792,,0.77,179.5479558,-23.9241221,-0.914054856,0.007211731,-0.405526461
1,1,Radial Velocity,2009,55.806,0.26,,50.8528,0,,,4937,0.74,0.62,179.7923543,-20.3556058,-0.937545633,0.003397775,-0.347845713
1,1,Radial Velocity,2014,1032.3,2.01,,472.61321,0.132,,,4912,1.97,1.01,25.471524,2.7044193,0.901793634,0.429583472,0.047183496
1,1,Radial Velocity,2003,199.505,0.95,,2637.9,0.09,,,4877,11,2.3,181.3157854,76.9053359,-0.226500862,-0.005202459,0.973997071
1,1,Radial Velocity,2002,1531,2.61,,2202.5619,0.48,,,5874,1.1,1.01,183.3730583,10.0404302,-0.982979111,-0.057935884,0.174343054
1,1,Radial Velocity,2011,1888,3.34,,3219.6179,0.185,,,5509,2.66,1.39,183.4049258,-9.5135645,-0.984505504,-0.058575343,-0.1652811
1,2,Transit,2017,9.55237,0.0907,2.44,12.6,0.093,,1153,6327,1.3,1.09,183.4724742,-0.3934357,-0.998140479,-0.060567585,-0.006866694
1,2,Transit,2017,21.05704,0.1536,4.35,15.2,0.22,,886,6327,1.3,1.09,183.4724742,-0.3934357,-0.998140479,-0.060567585,-0.006866694
1,1,Radial Velocity,2006,989.2,2.015,,298.75,0.15,,,6218,1.1,1.11,25.6233526,-53.7412852,0.533268687,0.25576684,-0.806354656
2,1,Radial Velocity,2012,3630,4.59,,3054.22,0.572,,,5362,1.62,0.97,183.7762699,-7.2575413,-0.989834557,-0.065332983,-0.126329536
1,1,Imaging,2013,,650,,3496,,,1800,6516,,1.5,184.4713308,-55.9755805,-0.557843192,-0.043622364,-0.828799169
1,1,Radial Velocity,1999,1075.69,2.14,,2028.70889,0.1043,,,5600,1.79,1.13,26.2324076,20.0826974,0.842468582,0.415137992,0.343376084
2,1,Radial Velocity,2005,48.056,0.269,,66.741,0.05,,,5797,,1.12,184.8059773,-3.3199927,-0.994811695,-0.083641187,-0.057912383
1,1,Radial Velocity,2002,10.8985,0.102,,82.95,0.53,,,6255.73,1.21,1.22,186.4409852,-64.0223492,-0.435255706,-0.049137043,-0.898964972
1,5,Transit,2020,3.795963,0.04527,1.615,,0.045,,,5660,0.88,0.87,186.5740627,-51.3630519,-0.620277931,-0.071484067,-0.781117991
1,5,Transit,2020,6.203449,0.062,2.071,,0.034,,,5660,0.88,0.87,186.5740627,-51.3630519,-0.620277931,-0.071484067,-0.781117991
1,5,Transit,2020,14.175685,0.1074,2.539,,0.055,,,5660,0.88,0.87,186.5740627,-51.3630519,-0.620277931,-0.071484067,-0.781117991
1,5,Transit,2020,19.590025,0.1367,3.083,,0.058,,,5660,0.88,0.87,186.5740627,-51.3630519,-0.620277931,-0.071484067,-0.781117991
1,5,Transit,2021,29.54115,0.1758,2.017,,0.051,,,5660,0.88,0.87,186.5740627,-51.3630519,-0.620277931,-0.071484067,-0.781117991
2,1,Radial Velocity,2014,1129,2,,1112.4,0.85,,,5122,0.79,0.84,186.8791724,-71.4224896,-0.316293742,-0.038159094,-0.947893534
1,1,Radial Velocity,2011,437.7,1.32,,767.24162,0.032,,,4878,5.74,1.59,187.5826081,21.9480993,-0.919412214,-0.12239174,0.373766561
1,2,Radial Velocity,2002,394.48123,1.04,,451.3186,0.13,,,5600,1.05,1.1,187.6126029,22.8794399,-0.913204813,-0.12205199,0.388793366
1,2,Radial Velocity,2005,1624,2.659,,314.64,0.239,,,5551,,0.95,187.6126029,22.8794399,-0.913204813,-0.12205199,0.388793366
1,1,Radial Velocity,2010,68.27,0.33,,273.3338,0.12,,,5844,1.07,1.2,188.027184,74.4893379,-0.264797514,-0.037342987,0.963580706
1,2,Radial Velocity,2013,7.8543,0.079,,17.162,0.25,,,5783,,1.05,188.397397,-11.6215204,-0.968998409,-0.143044254,-0.201445837
1,2,Radial Velocity,2013,30.93,0.196,,24.154,0.15,,,5783,,1.05,188.397397,-11.6215204,-0.968998409,-0.143044254,-0.201445837
2,1,Radial Velocity,2005,5.239891,0.0615,,85.8141,0,,,5824,1.22,1.13,189.3173489,-40.8121458,-0.746871118,-0.122537061,-0.65358106
1,1,Radial Velocity,2009,835.477,2.14,,3524.59,0.462,,,4445,20.9,2.17,189.8111935,-7.9956702,-0.975795389,-0.16874546,-0.139098267
2,1,Transit,2021,10.18271,0.113,3.2,,0.2,,,6200,1.19,1.21,192.5892855,-88.1211107,-0.031998649,-0.007146263,-0.999462364
1,2,Transit,2021,2.541,0.035,2.05,4.55,0.093,735.49,1371,5732,0.97,1,190.0365636,-44.3120777,-0.704595315,-0.124702838,-0.698566135
1,2,Radial Velocity,2021,6.744,0.068,,10.5,0.045,199.9,990,5732,0.97,1,190.0365636,-44.3120777,-0.704595315,-0.124702838,-0.698566135
1,1,Radial Velocity,2003,1143,1.97,,2269.3062,0.2,,,5512,0.9,0.84,192.2159553,-68.4246679,-0.35939784,-0.077809331,-0.929934891
1,1,Radial Velocity,2017,1056.4,2.5,,1398.452,0.26,,,4884,8.03,1.94,192.5725483,22.8631285,-0.899340677,-0.200574083,0.38853106
1,1,Radial Velocity,2016,825.9,1.82,,1433.4133,0.03,,,6557,1.45,1.18,193.2953521,-3.5531133,-0.971326829,-0.229528736,-0.061973786
1,1,Radial Velocity,2020,613.2,1.7,,1589.15,0.24,,,4155,39,1.8,194.2415171,67.2429122,-0.374936879,-0.095162747,0.922153126
1,1,Radial Velocity,2013,324,0.92,,899.42,0.46,,,6576.6,1.5,1.4,195.4438496,63.610328,-0.428424606,-0.11836063,0.895791895
1,2,Radial Velocity,2010,663.2,1.24,,114.41,0.14,,,4462,0.53,0.58,196.233933,-52.4463502,-0.585202061,-0.170392815,-0.792782969
1,2,Radial Velocity,2010,1818,2.44,,295.57,0.2,,,4462,0.53,0.58,196.233933,-52.4463502,-0.585202061,-0.170392815,-0.792782969
2,1,Radial Velocity,2017,610.2,1.6,,2002.329,0.28,,,4181,25.11,1.49,196.794874,27.6244384,-0.848213619,-0.256007989,0.463673986
1,1,Radial Velocity,2003,937.70001,1.73,,362.3262,0.23,,,4836,0.76,0.6,197.6652124,-35.0561807,-0.7799894,-0.24840466,-0.57437937
1,1,Radial Velocity,2014,4000,5.34,,113.46531,0.458,,,5641,2.14,1.27,198.0111842,-37.8028236,-0.751405671,-0.244308673,-0.612945993
2,1,Radial Velocity,2002,1121.79,2.067,,262.20975,0.079,,,5844,1.47,0.94,198.1833997,-31.8746756,-0.806797992,-0.265002686,-0.528063043
2,1,Radial Velocity,1989,83.9151,0.36,,3397.6027,0.34,,,5869,1.2,0.8,198.079631,17.517124,-0.906542768,-0.29594718,0.300990824
1,2,Radial Velocity,2001,493.7,1.16,,349.6,0.144,,,5135,,0.85,198.1818436,-2.2649921,-0.949328717,-0.311790084,-0.039521274
1,2,Radial Velocity,2018,4319,,,194.19413,0,,,,,0.85,198.1818436,-2.2649921,-0.949328717,-0.311790084,-0.039521274
1,2,Radial Velocity,2007,1622.1,2.9,,1535.1189,0.3743,,,6030,1.34,1.24,28.2106607,-19.507396,0.830632326,0.445580151,-0.333928537
1,2,Radial Velocity,2008,223.41,0.774,,129.67464,0.193,,,6030,1.34,1.24,28.2106607,-19.507396,0.830632326,0.445580151,-0.333928537
2,2,Radial Velocity,2011,670,1.65,,444.962,0,,,4819,4.89,0.83,200.1646905,24.6484725,-0.85317417,-0.313310149,0.417049861
2,2,Radial Velocity,2018,907,,,403.6441,0.038,,,,,1.33,200.1646905,24.6484725,-0.85317417,-0.313310149,0.417049861
1,1,Radial Velocity,2004,2621.75,3.787,,612.14058,0.157,,,5732,1.07,1.05,202.3368806,-35.5713041,-0.752359548,-0.309131032,-0.581715665
1,1,Radial Velocity,2015,433.70001,1.09,,1789.3829,0.19,,,4312,20.58,0.72,29.707836,73.1521372,0.251737051,0.143633912,0.957077717
1,1,Radial Velocity,2004,25.8,0.18,,55.30242,0.15,,,5990,,1.08,203.1066418,-47.2719049,-0.624086378,-0.266280909,-0.73458197
1,1,Radial Velocity,2005,6.1335,0.07,,886.7457,0.31,,,5864,2.06,1.84,203.509956,53.7281876,-0.542506979,-0.236000848,0.806219435
2,2,Radial Velocity,2005,1945,3.16,,198,0.041,,,5303,2.01,0.91,29.2884252,-10.2434693,0.858266608,0.481408796,-0.177831381
2,2,Radial Velocity,2008,37.91,0.229,,25,0.3,,,5303,2.01,0.91,29.2884252,-10.2434693,0.858266608,0.481408796,-0.177831381
1,1,Radial Velocity,2005,711,1.93,,2080,0.4,,,4970,10.09,1.91,28.7347403,-67.6469871,0.333478454,0.182837014,-0.924858231
1,1,Radial Velocity,2013,2082,4.3,,1430.2,0.66,,,4892,9.12,2.39,205.661989,78.0646376,-0.186409459,-0.089560552,0.978381532
1,1,Radial Velocity,2003,63.33,0.33,,479.9233,0.03,,,6027,1.07,1.62,209.3199062,-56.0404085,-0.487049932,-0.273542222,-0.829431743
1,1,Radial Velocity,2016,58.83,0.297,,947.1334,0.07,,,5920,,1.01,30.6115322,2.8158078,0.859600435,0.508599836,0.049125337
1,1,Radial Velocity,2019,1756.2,3.16,,7043.1128,0.591,,,4850,6.47,1.36,214.5387463,38.9669132,-0.640467775,-0.440819305,0.628871505
1,1,Radial Velocity,2009,9.6737,0.08,,6.3566,0,,,4691,0.74,0.29,215.3434326,-40.3942443,-0.621239381,-0.44056939,-0.648043397
2,3,Radial Velocity,2007,557.04,1.372,,985.273,0.4553,,,5841,1.05,1.11,215.2227183,-17.4818147,-0.779184826,-0.550117256,-0.300403081
2,3,Radial Velocity,2009,4.15514,0.0524,,17.48065,0.049,,,5841,1.05,1.11,215.2227183,-17.4818147,-0.779184826,-0.550117256,-0.300403081
2,3,Radial Velocity,2009,2835,4.06,,2313.8024,0.1172,,,5841,1.05,1.11,215.2227183,-17.4818147,-0.779184826,-0.550117256,-0.300403081
1,1,Radial Velocity,2015,133.60001,0.54,,622.9468,0.04,,,4835,11.02,0.67,34.7480718,85.7365329,0.061085032,0.042373149,0.997232739
1,1,Radial Velocity,2018,960.41,1.837,,75.32571,0.035,,,5638,0.98,0.9,216.8852514,-51.9329118,-0.49316784,-0.370082415,-0.787289329
1,2,Radial Velocity,2000,262.70862,0.84,,772.3269,0.38,,,5645,1.2,1.2,31.1423525,25.4135632,0.773064231,0.467121894,0.429148961
1,2,Radial Velocity,2002,1708,2.8145,,575.884,0.031,,,5748,1.11,1.02,31.1423525,25.4135632,0.773064231,0.467121894,0.429148961
3,1,Radial Velocity,2009,1244,2.37,,130.3103,0.41,,,5568,1.32,1.26,216.7005171,-5.1784093,-0.79849781,-0.595193135,-0.090257296
1,2,Radial Velocity,2002,453.019,1.084,,562.24127,0.303,,,,0.76,0.83,219.0032292,9.7454368,-0.765896432,-0.620282178,0.169271011
1,2,Radial Velocity,2005,921.538,1.74,,1204.25787,0.159,,,,0.76,0.83,219.0032292,9.7454368,-0.765896432,-0.620282178,0.169271011
1,1,Radial Velocity,2016,298.2,0.87,,282.8687,0.57,,,4875,0.85,0.65,219.2702793,-25.8031728,-0.696979913,-0.569867959,-0.435280955
1,1,Radial Velocity,2009,1840,2.9,,508.507,0.7,,,,,0.99,221.5104196,-68.7629901,-0.271248124,-0.240068022,-0.932090017
1,1,Radial Velocity,1999,10.70871,0.0925,,365.49,0.029,,,5387,0.85,0.92,221.8857975,-0.2820782,-0.744468044,-0.667639944,-0.004923173
1,1,Radial Velocity,2011,896,2.01,,572.094,0.181,,,4846,4.44,1.34,223.3461495,18.2352618,-0.690698873,-0.651932857,0.312919505
1,1,Radial Velocity,2008,1951,3.17,,6076.9096,0.64,,,5892,1.08,1.19,225.0254554,-73.5352345,-0.200323145,-0.200501224,-0.958994211
1,1,Radial Velocity,2018,2613,4.1,,1052.0173,0.563,,,5671,2.39,1.35,32.057635,-24.695575,0.770001303,0.482227889,-0.417796908
1,1,Radial Velocity,2005,471.60001,1.25,,3480.2385,0.27,,,4175,38.41,2.24,32.4173964,32.3164548,0.713411046,0.453048322,0.534595078
1,1,Radial Velocity,2007,974,1.98,,1709.9254,0.34,,,5783,1.34,1.03,224.2276121,53.3809615,-0.427430701,-0.416059168,0.802619315
3,1,Radial Velocity,2011,1544,2.62,,473.547,0.22,,,6289,1.3,1.23,224.5892892,44.0428571,-0.511912903,-0.504625968,0.69519624
2,3,Radial Velocity,2016,649,1.44,,451.3186,0.33,,,5799,,0.95,225.8984524,-27.8431369,-0.615363839,-0.634971901,-0.467052492
2,3,Radial Velocity,2016,3568,4.49,,133.4886,0.49,,,5799,,0.95,225.8984524,-27.8431369,-0.615363839,-0.634971901,-0.467052492
2,3,Radial Velocity,2016,5769,6.15,,794.575,0.61,,,5805,,0.93,225.8999745,-27.8415947,-0.615355718,-0.634997276,-0.467028692
1,2,Radial Velocity,2019,3.2696,0.0444,,10.1,0.45,,,5966,,1.09,227.6847587,-61.4223747,-0.322028939,-0.353716113,-0.878169843
1,2,Radial Velocity,2019,1291.5646,2.3928,,29.29,0.11,,,5966,,1.09,227.6847587,-61.4223747,-0.322028939,-0.353716113,-0.878169843
1,2,Radial Velocity,1999,258.17999,0.81,,511.7063,0.23,,,5736,1.22,1.1,228.3675397,-25.3096721,-0.600579091,-0.675677104,-0.427510475
1,2,Radial Velocity,2009,5000,5.8,,260,0.12,,,5585,1.25,1.1,228.3675397,-25.3096721,-0.600579091,-0.675677104,-0.427510475
1,3,Radial Velocity,2019,11.57779,0.0969,1.482,4.62,0.079,114,911,5850,1.01,0.91,230.4401147,-48.3188174,-0.42351862,-0.512676474,-0.746856621
1,3,Radial Velocity,2019,27.5909,0.1729,2.608,11.29,0.037,36,682,5850,1.01,0.91,230.4401147,-48.3188174,-0.42351862,-0.512676474,-0.746856621
1,3,Radial Velocity,2019,107.63,0.4285,,10.5,0.075,5.8,433,5850,1.01,0.91,230.4401147,-48.3188174,-0.42351862,-0.512676474,-0.746856621
1,1,Radial Velocity,2009,464.29999,1.29,,680.1562,0.25,,,4989,3.78,1.48,229.7756438,41.732423,-0.481922555,-0.569786847,0.665652762
1,1,Radial Velocity,2011,330,0.89,,63.566,0.36,,,5181,0.88,0.68,233.915082,-80.2044169,-0.10020587,-0.137492556,-0.985421017
1,2,Radial Velocity,2021,14.1815,0.10519,,11.2,0.071,,,5035,0.78,0.77,33.1780708,-53.7437591,0.494984216,0.323638089,-0.806380192
1,2,Radial Velocity,2021,53.753,0.2554,,9.96,0.156,,,5035,0.78,0.77,33.1780708,-53.7437591,0.494984216,0.323638089,-0.806380192
1,2,Radial Velocity,2013,19.382,0.154,,274.91,0.02,,,6255,1.67,1.29,34.5609102,65.5941901,0.340277288,0.234399105,0.910641767
1,2,Radial Velocity,2013,931,2.03,,1630.4,0.12,,,6255,1.67,1.29,34.5609102,65.5941901,0.340277288,0.234399105,0.910641767
1,1,Radial Velocity,2009,4218,5.15,,699.226,0.02,,,5867,1.25,1.3,34.1979991,43.7722065,0.59724566,0.405857242,0.691792975
1,1,Radial Velocity,2008,1125.7,2.36,,3101.89,0.1,,,4700,11.47,1.35,233.8173564,53.9221505,-0.347654227,-0.475311308,0.808217606
1,1,Transit,2018,11.53533,0.1097,11.5,131.89945,0.251,356,1228,5521,2.34,1.32,4.4471631,-66.3589285,0.399798486,0.031093881,-0.916075511
1,1,Radial Velocity,2014,1455,3.4,,2479,0.533,,,4815,12.4,2.4,34.293348,23.7676546,0.756094569,0.515644125,0.403028706
1,4,Radial Velocity,2014,94.44,0.415,,143.34133,0.04,,,5600,,1.07,236.7235392,46.986288,-0.374294468,-0.570319344,0.731190465
1,4,Radial Velocity,2014,201.99,0.689,,422.7139,0.048,,,5600,,1.07,236.7235392,46.986288,-0.374294468,-0.570319344,0.731190465
1,4,Radial Velocity,2014,1069.8,2.09,,375.0394,0.074,,,5600,,1.07,236.7235392,46.986288,-0.374294468,-0.570319344,0.731190465
1,4,Radial Velocity,2014,5000,5,,209.7678,0.26,,,5600,,1.07,236.7235392,46.986288,-0.374294468,-0.570319344,0.731190465
1,1,Radial Velocity,2002,653.21997,1.5,,3079.7727,0.41,,,5870,1.03,1.09,238.0735585,-18.4359716,-0.501689271,-0.805169029,-0.316244701
2,2,Radial Velocity,2001,349.7,1.02,,397.27,0.17,,,6245,1.47,1.23,1.5836771,-49.0753625,0.654815558,0.018103961,-0.755571857
2,2,Radial Velocity,2012,6005,6.8,,1684.4,0.21,,,6245,1.47,1.23,1.5836771,-49.0753625,0.654815558,0.018103961,-0.755571857
2,1,Radial Velocity,2005,1928,2.93,,1411.1652,0.53,,,5421,1.04,0.9,242.5481731,-84.2317494,-0.046333067,-0.089188,-0.994936555
3,1,Radial Velocity,2011,1299,2.78,,975.7381,0,,,4922,4.63,3.5,238.2342443,15.4306118,-0.507471083,-0.819560389,0.266071173
1,1,Radial Velocity,2003,386.29999,1.06,,530.7761,0.5,,,5940,1.04,1.07,239.418989,-60.2006948,-0.252833191,-0.427841135,-0.86777148
1,1,Radial Velocity,2016,2.1974,0.0379,,384.5743,0.07,,,6380,,1.51,238.4023547,68.7199779,-0.190155586,-0.309121959,0.931817829
1,1,Radial Velocity,2008,1039.15,1.988,,1122.57556,0.197,,,5507,0.92,0.97,240.4588405,-44.4350575,-0.352058663,-0.621219901,-0.700100373
1,1,Radial Velocity,2008,103.95,0.45,,1913.3366,0.31,,,6014,1.05,1.2,242.9019658,-27.0781199,-0.405583933,-0.79264756,-0.45520492
1,1,Radial Velocity,2010,176.3,0.76,,708.7609,0.11,,,4769,10.52,1.23,242.5162215,26.7429068,-0.412133232,-0.792248131,0.449987887
1,1,Radial Velocity,2015,2730,4.6,,724.62,0.053,,,,5.38,1.75,243.2912249,13.2394527,-0.437509926,-0.869559862,0.229021202
1,2,Radial Velocity,2010,5.77152,0.0634,,6.44,0.172,,,5765,,1.02,4.6762645,-8.0536206,0.986841465,0.080721576,-0.140099788
1,2,Radial Velocity,2015,13.5052,0.1117,,5.59,0.305,,,5765,,1.02,4.6762645,-8.0536206,0.986841465,0.080721576,-0.140099788
1,2,Radial Velocity,2009,44.236,0.2388,,674,0.4686,,,5441,,0.93,245.7490012,-61.6901291,-0.194786801,-0.432390536,-0.880395665
1,2,Radial Velocity,2009,1008,1.922,,2080,0.133,,,5441,,0.93,245.7490012,-61.6901291,-0.194786801,-0.432390536,-0.880395665
2,1,Radial Velocity,2017,86.78,0.323,,28.55,0.07,,,4156,,0.6,244.1725686,67.2392041,-0.168551007,-0.348238918,0.92212809
2,1,Radial Velocity,2003,528.4,1.32,,385,0.26,,,5883,,1.11,246.0057894,-39.1929661,-0.315158334,-0.708049744,-0.631934162
1,1,Radial Velocity,2018,676.6,1.7,,356.28743,0.155,,,4946,5.01,1.43,35.8085099,10.8367972,0.796514539,0.574644262,0.188012132
2,2,Radial Velocity,2016,116.596,0.522,,1633.6462,0.207,,,5972,2.29,1.38,246.4380471,-33.5672217,-0.333078799,-0.763769316,-0.552914953
2,2,Radial Velocity,2016,491.54,1.36,,731.009,0.23,,,5972,2.29,1.38,246.4380471,-33.5672217,-0.333078799,-0.763769316,-0.552914953
1,1,Radial Velocity,2009,1027,2.45,,270.144,0.52,,,6308,1.21,1.22,247.0723035,-46.3175085,-0.269060431,-0.636097263,-0.723178233
1,2,Radial Velocity,2018,328.55,0.993,,390.9309,0.587,,,6032,1.34,1.21,246.4351678,11.9190729,-0.391167218,-0.896846479,0.206529905
1,2,Radial Velocity,2018,5062,6.15,,1640.0028,0.125,,,6032,1.34,1.21,246.4351678,11.9190729,-0.391167218,-0.896846479,0.206529905
1,1,Radial Velocity,2009,331.5,1.04,,413.179,0.16,,,5025,3.86,1.64,247.1171311,-13.3996231,-0.378263038,-0.896221485,-0.231741504
1,1,Radial Velocity,2005,2.87589,,8.295,120.7754,0,,,6179,1.41,1.42,247.6229827,38.3475349,-0.298568107,-0.725206056,0.620429901
1,1,Radial Velocity,2005,4.07182,0.053,,422.7139,0.0167,,,5856,1.44,1.2,248.2126715,2.0844547,-0.370916885,-0.927953501,0.036372573
1,1,Radial Velocity,2011,428.5,1.262,,874.0325,0.031,,,4947,4.67,1.46,4.8214389,14.054683,0.966631801,0.081534596,0.242847834
1,1,Radial Velocity,2012,5894,6.7,,861.28,0.38,,,5961,0.96,1.17,247.8255687,79.7894032,-0.066905364,-0.164155955,0.984162839
1,1,Radial Velocity,2009,2918.92,4.187,,845.74563,0.532,,,5907,1.13,1.15,253.3732313,-46.3333582,-0.197565902,-0.661592491,-0.723369262
1,1,Radial Velocity,2011,686.5,1.66,,594.02427,0.04,,,5027,5.14,1.3,253.4316451,11.9736828,-0.278954825,-0.937626559,0.207462384
1,2,Transit,2019,4.75615,0.0522,1.64,7.51,0.09,,1001,5125,0.86,0.9,36.8678846,-27.6361171,0.708747762,0.531521914,-0.463854572
1,2,Transit,2019,17.1784,0.1268,2.39,8.11,0.05,,642,5125,0.86,0.9,36.8678846,-27.6361171,0.708747762,0.531521914,-0.463854572
1,1,Radial Velocity,2008,499.39999,1.28,,937.5985,0.34,,,6124,1.28,1.25,256.1292826,-43.3103753,-0.17444057,-0.706429691,-0.685950129
1,1,Radial Velocity,2006,3341.55884,4.21,,260.6206,0.04,,,5468,0.85,0.71,255.6524619,47.0855544,-0.168730378,-0.65966841,0.73237125
1,1,Radial Velocity,2008,163.94,0.6,,1706.7471,0.61,,,5743,1.32,1.18,257.520697,-56.4498041,-0.119424187,-0.53961008,-0.833401959
1,2,Radial Velocity,2004,408.60001,1.29,,778.6835,0.46,,,5589,2.3,1.96,257.816194,-56.681038,-0.115928832,-0.53692675,-0.835625617
1,2,Radial Velocity,2014,3452,5.36,,819.97,0.06,,,5605,1.76,1.72,257.816194,-56.681038,-0.115928832,-0.53692675,-0.835625617
2,1,Radial Velocity,2015,818.8,2,,826.358,0.04,,,4960,5.03,1.69,257.7681391,-20.655164,-0.198249464,-0.914477843,-0.352742717
1,2,Radial Velocity,2007,194.3,0.63,,314.6517,0.17,,,5905,1.38,1.15,257.3930947,33.3549277,-0.18230907,-0.815142417,0.549823828
1,2,Radial Velocity,2007,391.9,1.02,,261,0.16,,,5900,,0.92,257.3930947,33.3549277,-0.18230907,-0.815142417,0.549823828
1,2,Radial Velocity,2011,131.05,0.49,,3140.1604,0.71,,,5453,0.95,0.95,258.0966686,63.3527828,-0.092507229,-0.438851796,0.893784937
1,2,Radial Velocity,2018,4191,,,2733.338,0.231,,,,,0.93,258.0966686,63.3527828,-0.092507229,-0.438851796,0.893784937
1,1,Radial Velocity,2009,842.2,1.88,,235.18,0.22,,,5900,2.16,1.25,259.9639522,-48.5502313,-0.115358826,-0.651834026,-0.749536353
1,1,Radial Velocity,2010,4.6455,0.05,,4.15,0,,,4850,0.72,0.77,259.4183491,29.228161,-0.16025635,-0.857841537,0.488288643
2,1,Radial Velocity,2007,359.51001,1.12,,3391.2461,0.85,,,6090,1.9,1.38,260.1423366,-19.334365,-0.161545835,-0.929671289,-0.331080408
1,1,Radial Velocity,2011,521,1.5,,486.2799,0.29,,,4860,4.5,1.3,261.4395312,27.3030721,-0.132269783,-0.878693111,0.4586972
1,5,Radial Velocity,2020,2.178,,,2.22,,,,,1.21,1.08,261.3495847,52.7904721,-0.090954835,-0.597852392,0.796429366
1,5,Radial Velocity,2020,3.432,,,5.6,,,,,1.21,1.08,261.3495847,52.7904721,-0.090954835,-0.597852392,0.796429366
1,5,Radial Velocity,2020,5.1980814,,,5.41,,,,,1.21,1.08,261.3495847,52.7904721,-0.090954835,-0.597852392,0.796429366
1,5,Radial Velocity,2020,7.951,,,6.08,,,,,1.21,1.08,261.3495847,52.7904721,-0.090954835,-0.597852392,0.796429366
1,5,Radial Velocity,2020,12.028,,,6.14,,,,,1.21,1.08,261.3495847,52.7904721,-0.090954835,-0.597852392,0.796429366
1,1,Radial Velocity,2018,820.2,2.1,,4449.62,0.13,,,4069,50.3,1.8,259.9051092,80.1364033,-0.030025837,-0.168651193,0.985218364
1,2,Radial Velocity,2013,12.62,0.11,,359.13,0.02,,,6123,1.12,1.12,263.3395365,5.7008254,-0.115411732,-0.98833844,0.099334084
1,2,Radial Velocity,2013,248.4,0.8,,603.9,0.075,,,6123,1.12,1.12,263.3395365,5.7008254,-0.115411732,-0.98833844,0.099334084
1,2,Radial Velocity,2006,1184.1,2.32,,704.94694,0.024,,,5534,2.13,1.19,264.7466665,-43.1462347,-0.066802829,-0.726546018,-0.683862754
1,2,Radial Velocity,2012,351,1.032,,244.09344,0.184,,,5534,2.13,1.19,264.7466665,-43.1462347,-0.066802829,-0.726546018,-0.683862754
1,2,Radial Velocity,2015,577.2,1.492,,296.85322,0.095,,,4915,3.49,1.33,5.1317548,30.9750611,0.853954669,0.076690501,0.51466493
1,2,Radial Velocity,2015,2149,3.584,,1150.5446,0.099,,,4915,3.49,1.33,5.1317548,30.9750611,0.853954669,0.076690501,0.51466493
1,4,Radial Velocity,2000,643.25,1.497,,532.68308,0.128,,,,,1.08,266.0361585,-51.8348751,-0.042715589,-0.616451775,-0.786233164
1,4,Radial Velocity,2004,4205.8,5.235,,576.519,0.0985,,,,,1.08,266.0361585,-51.8348751,-0.042715589,-0.616451775,-0.786233164
1,4,Radial Velocity,2004,9.6386,0.09094,,10.5547,0.172,,,,,1.08,266.0361585,-51.8348751,-0.042715589,-0.616451775,-0.786233164
1,4,Radial Velocity,2006,310.55,0.921,,165.8685,0.0666,,,,,1.08,266.0361585,-51.8348751,-0.042715589,-0.616451775,-0.786233164
2,1,Radial Velocity,2000,75.523,0.36,,82.6358,0.25,,,5757,1.48,1.11,38.8323674,-3.5624887,0.777478571,0.625832288,-0.062137102
1,1,Radial Velocity,2009,990,2.12,,1620.933,0.6,,,5981,1.72,1.63,39.2577379,42.0624526,0.574857295,0.469807585,0.669940239
1,1,Radial Velocity,2002,8.4282,0.08,,3127.4472,0.28,,,4723,0.75,0.42,267.6599252,-40.3184646,-0.031131736,-0.761824021,-0.64703553
1,2,Radial Velocity,2010,75.2203,0.362,,249.05159,0.7441,,,5522,1.76,1.12,268.4181383,56.3924701,-0.015279499,-0.553290071,0.832848506
1,2,Radial Velocity,2010,1272,2.39,,699.54383,0.08,,,5522,1.76,1.12,268.4181383,56.3924701,-0.015279499,-0.553290071,0.832848506
2,1,Radial Velocity,2008,17.24,0.14,,22.1,0.2,,,,,1.2,39.2441029,-34.5790905,0.637644796,0.52086822,-0.567543312
2,1,Radial Velocity,2010,280.17,0.87,,140.79869,0.238,,,5859,1.11,1.12,270.3800811,0.1044685,0.006633607,-0.999976335,0.001823318
2,1,Radial Velocity,2015,40,0.23,,16.14,0.088,,,5790,,0.99,270.1613723,29.5726698,0.002449573,-0.869726992,0.49352706
1,1,Radial Velocity,2009,641.472,1.331,,635,0.35,,,4684,,0.77,270.7787177,-28.5608343,0.011936909,-0.87822887,-0.478091583
1,3,Radial Velocity,2005,1207,2.16,,116,0.08,,,5390,0.95,0.93,270.6304652,26.3104077,0.009863577,-0.896351664,0.443234029
1,3,Radial Velocity,2016,75.74,0.341,,13,0.12,,,5390,0.95,0.93,270.6304652,26.3104077,0.009863577,-0.896351664,0.443234029
1,3,Radial Velocity,2020,12.458,0.103,,4,0.12,,,5390,0.95,0.93,270.6304652,26.3104077,0.009863577,-0.896351664,0.443234029
1,1,Radial Velocity,2016,434.5,1.13,,918.5287,0.2,,,5426,0.95,1.02,271.4893395,-29.9172536,0.022527568,-0.866453793,-0.498748768
1,1,Radial Velocity,2015,270,0.94,,2040,0.63,,,6317,1.93,1.5,5.2180424,-19.9314823,0.936204999,0.08549859,-0.340896159
1,1,Radial Velocity,2012,5144,5.42,,1121.89,0.734,,,5127,,0.81,273.4988604,-42.5757218,0.044940539,-0.735011226,-0.676563999
1,1,Radial Velocity,2007,420.77,1.32,,540.29,0.089,,,,,1.72,272.6326268,54.2876184,0.026811181,-0.58310062,0.811957405
1,2,Radial Velocity,1998,58.11247,0.2931,,2434.157,0.52883,,,5491,1.51,0.99,275.0159879,-9.5966905,0.086210143,-0.982229601,-0.166711794
1,2,Radial Velocity,2000,1749.83,2.8373,,5464.221,0.2113,,,5491,1.51,0.99,275.0159879,-9.5966905,0.086210143,-0.982229601,-0.166711794
1,1,Radial Velocity,2002,6.404,0.07,,85.8141,0.11,,,5570,1.09,1.07,275.4573269,-11.9229757,0.093052608,-0.973991312,-0.206596552
1,1,Radial Velocity,2010,533,1.36,,2793.7257,0.64,,,4374,21.66,1.86,5.3055886,-8.2811442,0.985333598,0.091503571,-0.144030544
1,2,Radial Velocity,2000,225.62,0.81,,915.31,0.31,,,6299,,1.4,276.9561859,-29.8167919,0.105077697,-0.861233265,-0.497228259
1,2,Radial Velocity,2003,2102,3.6,,1283.98,0.33,,,6299,,1.4,276.9561859,-29.8167919,0.105077697,-0.861233265,-0.497228259
2,1,Radial Velocity,2007,1145,2.24,,209.7678,0.11,,,5842,1.24,1.1,277.2955423,11.6954244,0.124351051,-0.971311402,0.202709095
1,1,Radial Velocity,2007,359.89999,1.31,,3219.6179,0.17,,,4326,13.58,6.73,41.5924261,49.6530375,0.48419228,0.429771577,0.762137932
1,1,Radial Velocity,2007,550,1.32,,832.7146,0.59,,,5671,2.47,1.53,278.0643694,6.9456827,0.139256016,-0.982844901,0.120928339
1,1,Radial Velocity,2009,1532,2.57,,864.4976,0.234,,,5440,1.01,0.96,278.6818389,-28.0727849,0.133188591,-0.87224033,-0.470592824
1,1,Radial Velocity,2007,21.21663,,12.33,1115.5833,0.68,,,6040,1.55,1.41,42.4366123,71.7530882,0.231084723,0.211280293,0.949716004
1,1,Radial Velocity,2008,323.6,1.16,,858.1,0.21,,,4683,13.5,2,280.9005676,36.556857,0.151901791,-0.788772736,0.595620195
1,1,Radial Velocity,2009,1290,2.4,,2850.9351,0.54,,,5635,1.75,1.37,285.0033888,-69.9450664,0.088774061,-0.33123094,-0.93936427
1,1,Radial Velocity,2007,298.43,0.975,,190.06234,0.11,,,5013,4.19,1.39,283.9203211,4.2649344,0.239906127,-0.96794338,0.074368425
1,1,Radial Velocity,2015,29.01,,,8.98,0.11,,,5392,0.7,0.71,285.2742901,-66.1943379,0.106333875,-0.389377575,-0.914919784
1,1,Radial Velocity,2017,623.8,1.42,,276.5121,0.13,,,5904,1.18,0.98,42.7684964,30.2865981,0.633908172,0.586358305,0.504325656
1,2,Radial Velocity,2017,6.4898,0.06296,,5.74,0.066,83.5,,4931,0.78,0.79,285.7739138,-11.044941,0.266806858,-0.944516611,-0.191578894
1,2,Radial Velocity,2017,16.8191,0.11878,,9.18,0.111,23.5,,4931,0.78,0.79,285.7739138,-11.044941,0.266806858,-0.944516611,-0.191578894
1,1,Radial Velocity,2017,44.505,0.246,,15.1,0.0593,,,,,1,286.7175787,-37.8122394,0.227253877,-0.756633135,-0.613075831
2,2,Radial Velocity,1999,410.10001,1.14,,537.1327,0.1,,,4901,3.26,1.7,286.3363574,25.9204327,0.252979916,-0.863090395,0.437122559
2,2,Radial Velocity,2010,110.9,0.5137,,47.6725,0.3,,,4949,2.62,1.47,286.3363574,25.9204327,0.252979916,-0.863090395,0.437122559
3,1,Radial Velocity,2001,71.484,0.34,,2552.1749,0.11,,,5588,1.08,1.24,287.2632091,34.6006972,0.24427333,-0.786048755,0.567853761
1,1,Radial Velocity,2008,14.479,0.1214,,25.74423,0.049,,,5646,1.63,1.14,287.7903733,-2.6387703,0.30521135,-0.951171092,-0.04603895
1,1,Radial Velocity,2000,3.092514,0.0443,,291.12,0.022,,,6168,,1.21,288.8890182,-24.1797939,0.295332971,-0.863136826,-0.409601337
1,1,Radial Velocity,2018,213.72,0.843,,697.31902,0.081,,,5131,4.06,1.75,288.4008374,34.9146658,0.258845286,-0.778079669,0.572355786
1,1,Radial Velocity,2018,2278,3.87,,1010.6994,0.148,,,5603,3.13,1.49,43.3636339,-8.8480392,0.718359027,0.678455196,-0.153814355
1,1,Radial Velocity,2010,396.03,1.46,,6397.9179,0.26,,,4924,8.13,2.2,288.7094401,31.8604391,0.272440815,-0.804455248,0.527852021
2,1,Radial Velocity,2018,105.911,0.343,,12.214,0.101,,,3534,0.48,0.48,289.2277322,5.1631615,0.327987461,-0.940385889,0.089992255
2,1,Radial Velocity,2009,510.9,1.4,,535.54355,0.107,,,4961,4.16,1.41,289.8239604,-23.5582432,0.310866201,-0.862332438,-0.399681087
1,1,Radial Velocity,2019,7462.0575,7.52,,2660.2371,0.73,,,5386,1.05,1.01,289.9998695,-9.32497,0.337498302,-0.927275534,-0.162033886
1,1,Radial Velocity,2009,564.1,1.592,,807.2882,0.022,,,4945,4.71,1.69,290.2674078,-23.6196996,0.31738226,-0.859497993,-0.400664075
1,3,Radial Velocity,2008,9.3743,0.08,,6.3566,0.4,,,4918,0.79,0.63,291.2873731,-66.4677838,0.144951392,-0.372023325,-0.916835721
1,3,Radial Velocity,2008,962,1.76,,203,0.28,,,4962,,0.78,291.2873731,-66.4677838,0.144951392,-0.372023325,-0.916835721
1,3,Radial Velocity,2008,2172,3,,171,0.48,,,4962,,0.78,291.2873731,-66.4677838,0.144951392,-0.372023325,-0.916835721
1,1,Radial Velocity,2009,956,1.85,,127.132,0.26,,,5736,1.5,1.03,290.7212224,-32.9208401,0.297005476,-0.785122568,-0.543479808
1,2,Radial Velocity,2004,626.51599,1.49,,1255.4285,0.36,,,5948,1.23,1.31,292.1022982,8.3579183,0.372265289,-0.916673372,0.145356404
1,2,Radial Velocity,2008,3070,4.35,,1134.61,0.239,,,5867,1.29,1.06,292.1022982,8.3579183,0.372265289,-0.916673372,0.145356404
1,1,Transit,2021,17.471278,0.1334,3.55,19.7,0.28,58.1,769,5788,0.98,1.03,293.2866147,-54.5327284,0.229385956,-0.532970932,-0.814447094
3,1,Radial Velocity,2006,6.83776,0.077,,321.0083,0.229,,,5923,2,1.3,294.2987668,28.499514,0.361630287,-0.800968269,0.477151306
1,1,Radial Velocity,2006,1019.74,2.1,,265.70588,0.251,,,6117,1.27,1.19,297.3915731,-37.7809929,0.363619509,-0.70174574,-0.612644897
1,2,Radial Velocity,1998,3.0965828,0.0426,,166.218,0.0103,,,5790,1.15,1.04,296.7428786,34.41899,0.371206436,-0.736687871,0.565240446
1,2,Radial Velocity,2008,3810,4.89,,632.46,0.252,,,5790,1.15,1.04,296.7428786,34.41899,0.371206436,-0.736687871,0.565240446
1,1,Radial Velocity,2011,766,1.82,,1080.622,0.04,,,4940,5.13,1.36,45.0443115,-20.8027024,0.660498321,0.661520746,-0.355151054
2,1,Radial Velocity,2004,461.2,1.203,,476.72,0.137,,,5746,,1.09,298.0191857,28.0999769,0.414394352,-0.778733243,0.471011526
2,1,Radial Velocity,2005,2.21857567,,12.666,359.1479,0,,,5052,0.75,0.79,300.1821223,22.7097759,0.463773143,-0.797414253,0.386063442
1,1,Radial Velocity,2020,11.72,0.092,,16.46,0.14,,,4610,0.79,0.77,300.6956339,3.3266992,0.50961718,-0.858442158,0.058029237
2,2,Radial Velocity,2003,2915.03687,3.97,,489.4582,0.31,,,5552,1.14,0.99,300.9092476,29.894541,0.44533169,-0.74382256,0.498405142
2,2,Radial Velocity,2005,17.111,0.1304,,19.069,0.237,,,5549,1.17,0.98,300.9092476,29.894541,0.44533169,-0.74382256,0.498405142
1,1,Radial Velocity,2007,1176.45,2.231,,630.89255,0.224,,,5656,1.38,1.07,301.8318167,-35.5395236,0.429175668,-0.691331999,-0.581264408
1,1,Radial Velocity,2009,4885,5.5,,985.2,0.57,,,5988,1.53,0.91,302.8779827,-64.6202728,0.232674671,-0.35996351,-0.903487005
1,1,Radial Velocity,2016,1606.3,2.8,,2707.9116,0.259,,,6010,,1.14,302.368758,52.2767265,0.32756302,-0.516779366,0.790975066
1,3,Transit,2020,8.880403,0.0814,3.42,,,,812,5427,0.94,0.92,302.0256247,66.8503014,0.208478804,-0.333304035,0.919480836
1,3,Transit,2020,28.58059,0.1762,3.23,,,,552,5427,0.94,0.92,302.0256247,66.8503014,0.208478804,-0.333304035,0.919480836
1,3,Transit,2020,38.3561,0.215,3.16,,,,499,5427,0.94,0.92,302.0256247,66.8503014,0.208478804,-0.333304035,0.919480836
1,1,Radial Velocity,1999,24.3556,0.15,,177.9848,0.05,,,4976,0.74,0.66,303.4990864,-0.8657574,0.551860682,-0.833799426,-0.015109742
1,2,Radial Velocity,2011,74.72,0.32,,16.9,0.13,,355,5166,,0.8,303.8284712,-27.0337556,0.495881897,-0.739943874,-0.454515354
1,2,Radial Velocity,2011,525.8,1.18,,24,0.32,,185,5166,,0.8,303.8284712,-27.0337556,0.495881897,-0.739943874,-0.454515354
1,1,Radial Velocity,2007,340.94,1.063,,666.17168,0.082,,,5041,4.41,1.38,304.0248392,4.5805708,0.55776506,-0.826147913,0.079860909
2,1,Radial Velocity,1998,18.20132,0.14,,1264.9634,0.01,,,5751,1.48,1.21,307.0792427,18.7692509,0.570857016,-0.755376932,0.321757608
3,1,Radial Velocity,2002,1378,2.51,,1010.6994,0.23,,,5879,1.42,1.31,309.4637796,-60.6347649,0.311677621,-0.378582546,-0.871511512
2,1,Radial Velocity,2012,3638,5.02,,2192.9,0.66,,,6017,1.73,1.29,310.4364195,-75.3514992,0.164024407,-0.192480007,-0.967495447
2,1,Radial Velocity,2007,1333,2.37,,819.97,0.48,,,6254,1.31,1.28,309.9664609,11.2500236,0.629996665,-0.751693961,0.195090726
2,1,Radial Velocity,2012,1035.7,2.07,,251,0.22,,,6150,,1.11,309.8869681,42.247593,0.474701584,-0.567999206,0.67233571
3,1,Radial Velocity,2003,466.2,1.305,,435.41,0.063,,,6188,,1.36,48.1943193,-1.1963955,0.666461058,0.745247411,-0.020879523
1,2,Radial Velocity,2019,11.8482,0.0974,,11.66,0.36,,,5494,,0.88,46.9090081,-72.3219221,0.207453885,0.22175993,-0.952777738
1,2,Radial Velocity,2019,33.9239,0.1964,,14.44,0.1,,,5494,,0.88,46.9090081,-72.3219221,0.207453885,0.22175993,-0.952777738
1,2,Radial Velocity,2010,606.3,1.565,,508.21017,0.087,,,4982,4.92,1.39,316.6664183,3.8033357,0.725768712,-0.684733411,0.066331991
1,2,Radial Velocity,2010,852.5,1.96,,385.84562,0.243,,,4982,4.92,1.39,316.6664183,3.8033357,0.725768712,-0.684733411,0.066331991
2,1,Radial Velocity,2004,1260,2.41,,5689.157,0.22,,,5766,1.04,1.07,318.7405221,-20.7897284,0.702785031,-0.616531626,-0.354939367
1,2,Radial Velocity,2019,517.8,1.566,,634.38868,0.011,,,5040,6.43,1.91,319.2250346,27.2582799,0.673185219,-0.580564792,0.458002384
1,2,Radial Velocity,2019,946.6,2.342,,592.43512,0.028,,,5040,6.43,1.91,319.2250346,27.2582799,0.673185219,-0.580564792,0.458002384
2,1,Transit,2019,3.308958,0.05208,17.318,323.23311,0.038,3440,2132,6272,2.59,1.72,319.6995877,-26.6163743,0.681841336,-0.578251939,-0.448014606
1,1,Imaging,2006,,487.1,,7656.097,,,1206,,,,319.7432238,26.2305846,0.684568197,-0.579668756,0.441984748
1,1,Radial Velocity,2018,1552.9,2.73,,2479.074,0.289,,,5780,1.33,1.12,320.5794196,5.0235858,0.769538133,-0.632568801,0.087565819
1,1,Radial Velocity,2002,1120,2.2,,1999.1507,0.71,,,5945,1.19,1.23,6.0851069,-56.649988,0.546654602,0.058276811,-0.835327815
1,2,Radial Velocity,2010,1920.09998,3.07,,1099.6918,0.23,,,5783,1.1,1.03,322.0510568,-21.7274194,0.732536293,-0.571269583,-0.370191359
1,2,Radial Velocity,2015,34.905,0.2099,,17.6,0.155,,,5776,,1.02,322.0510568,-21.7274194,0.732536293,-0.571269583,-0.370191359
2,1,Radial Velocity,2011,1733,2.55,,73.1009,0.37,,,5026,0.78,0.58,323.0966714,-20.957957,0.746747459,-0.560741693,-0.357682802
1,1,Radial Velocity,2008,279.8,0.896,,435.41,0.27,,,6176,1.33,1.22,324.5351273,-31.7378373,0.69267852,-0.493442327,-0.5260334
1,1,Radial Velocity,2019,96.045,0.461,,34.2,0.23,,,5635,,1.42,325.5917768,-50.0935884,0.529287556,-0.362522344,-0.767093367
1,1,Radial Velocity,2009,673.2,1.74,,647.10188,0.1,,,4842,6.12,1.55,325.8537599,-7.4082451,0.820699249,-0.556621647,-0.128938301
2,5,Radial Velocity,2019,5.3135,0.0529,,1.93,0.1,,,5256,,0.7,50.0139757,-28.7841175,0.56320111,0.671529534,-0.481510742
2,5,Radial Velocity,2019,13.8905,0.1004,,5.33,0.09,,,5256,,0.7,50.0139757,-28.7841175,0.56320111,0.671529534,-0.481510742
2,5,Radial Velocity,2019,29.158,0.1647,,10.61,0.11,,,5256,,0.7,50.0139757,-28.7841175,0.56320111,0.671529534,-0.481510742
2,5,Radial Velocity,2019,85.5073,0.3374,,14.03,0.06,,,5256,,0.7,50.0139757,-28.7841175,0.56320111,0.671529534,-0.481510742
2,5,Radial Velocity,2006,597.0643,1.3649,,472.83,0.95,,,5782.13,1.13,1.04,50.0166232,-28.8543535,0.562790377,0.671102778,-0.482584763
3,2,Radial Velocity,2012,160.07,0.586,,177.9848,0.197,,,5726,0.89,1.05,328.1517893,-26.0271749,0.763302998,-0.474157554,-0.438797388
3,2,Radial Velocity,2012,1155.7,2.112,,232.0159,0.27,,,5710,0.9,0.94,328.1517893,-26.0271749,0.763302998,-0.474157554,-0.438797388
1,4,Radial Velocity,2011,18.315,0.1207,,2.7,0,,660,5401,,0.7,49.9997666,-43.0666533,0.469597083,0.559639381,-0.682848696
1,4,Radial Velocity,2011,40.114,0.2036,,2.4,0,,508,5401,,0.7,49.9997666,-43.0666533,0.469597083,0.559639381,-0.682848696
1,4,Radial Velocity,2011,90.309,0.3499,,4.8,0,,388,5401,,0.7,49.9997666,-43.0666533,0.469597083,0.559639381,-0.682848696
1,4,Radial Velocity,2017,147.02,0.509,,4.77,0.29,,,,,0.81,49.9997666,-43.0666533,0.469597083,0.559639381,-0.682848696
1,1,Radial Velocity,2004,130.08,0.524,,165.265,0.24,,,6067,,1.13,329.3332489,-37.7641354,0.679980432,-0.403209311,-0.612412332
1,1,Radial Velocity,2012,875.5,2.1,,3146.4,0.08,,,4035,51.1,1.6,329.0999413,21.239922,0.799777444,-0.478658039,0.362274098
1,1,Radial Velocity,2008,380.85001,0.95,,397.2875,0.75,,,4802,0.76,0.39,50.1794053,-33.72969,0.532587426,0.638764272,-0.555275462
1,1,Radial Velocity,2017,352.7,1.05,,444.962,0.07,,,4860,4.98,1.25,329.7490639,19.0201591,0.816665733,-0.47628326,0.325900808
1,1,Radial Velocity,1999,3.52474859,,15.581,232.0159,0,,,6091,1.19,1.23,330.7950219,18.8842419,0.825896423,-0.461672084,0.323657203
1,1,Radial Velocity,2019,649.918,1.487,,153.1,0.24,,,5790,,1.04,332.3951324,-41.225205,0.666506325,-0.348513188,-0.659020391
1,1,Radial Velocity,1998,442.19,1.13,,410.0007,0.48,,,5538,1.07,1.01,332.3748117,-7.5505962,0.878317502,-0.459665062,-0.131401657
1,1,Radial Velocity,2007,354.1,1.148,,574.63664,0.028,,,4951,4.92,1.61,332.9638643,16.0404806,0.856041363,-0.436855138,0.276316437
1,1,Radial Velocity,2018,1558,2.656,,212.9461,0.68,,,5652,1.13,1.03,334.5286724,61.1349912,0.435824861,-0.207610142,0.87575951
1,1,Radial Velocity,2019,25.201,0.143,,13,0.15,,,4127,,0.61,335.5661579,-54.5596006,0.527923603,-0.239852853,-0.814719141
2,1,Radial Velocity,2005,2.24571,0.03,,162.0933,0,,,6239,1.16,1.55,336.8803957,-77.7183219,0.195633965,-0.083524085,-0.977113647
1,1,Radial Velocity,2009,380.7,1.19,,759.6137,0.076,,,5003,5.27,1.56,336.762413,-17.2641046,0.877478479,-0.376769333,-0.296776665
2,1,Radial Velocity,2001,882.70001,1.89,,1773.4914,0.42,,,5979,1.51,1.57,337.7506266,-49.4341037,0.601902199,-0.246237007,-0.759658528
1,2,Transit,2019,1.008035,0.02012,1.745,8.83,0,,2128,5978,1.1,1.07,338.9837166,-59.864829,0.468645168,-0.180048856,-0.864843405
1,2,Radial Velocity,2019,4.78503,0.056798,,19.95,0,,1265,5978,1.1,1.07,338.9837166,-59.864829,0.468645168,-0.180048856,-0.864843405
1,1,Radial Velocity,2019,84.288,0.362,,65.9,0.4,,,5605,,0.89,51.5474155,-30.6168403,0.5351738,0.673949728,-0.509294382
2,1,Radial Velocity,2016,1854.4,3.23,,6451.949,0.1641,,,5933,2.04,1.31,340.0832062,31.7875183,0.799167093,-0.289559414,0.526770637
1,4,Radial Velocity,2018,5.75999,0.057638,,1.819,0,,,4935,0.73,0.77,340.8380941,-6.4020685,0.938704221,-0.326191758,-0.111504809
1,4,Radial Velocity,2018,7.28243,0.067393,,1.72,0,,,4935,0.73,0.77,340.8380941,-6.4020685,0.938704221,-0.326191758,-0.111504809
1,4,Radial Velocity,2018,10.86499,0.08799,,2.801,0,,,4935,0.73,0.77,340.8380941,-6.4020685,0.938704221,-0.326191758,-0.111504809
1,4,Radial Velocity,2018,25.1967,0.15417,,2.877,0,,,4935,0.73,0.77,340.8380941,-6.4020685,0.938704221,-0.326191758,-0.111504809
1,2,Radial Velocity,2009,3.93404,0.05,,6.3566,0.16,,,5110,0.85,0.67,341.652714,-56.5997984,0.5225004,-0.173278999,-0.834845926
1,2,Radial Velocity,2009,567.94,1.282,,104.3,0.49,,,5113,,0.87,341.652714,-56.5997984,0.5225004,-0.173278999,-0.834845926
1,1,Radial Velocity,2002,1311,2.56,,400.4,0.07,,,5999,,1.3,343.4094703,-48.5986332,0.633798457,-0.188829463,-0.750095294
1,1,Radial Velocity,2002,1334.28,2.497,,706.53609,0.317,,,5909,1.39,1.17,343.6639631,-70.0733957,0.327056887,-0.095861464,-0.940129976
1,2,Radial Velocity,2020,35.45,0.198,,10.26,0.09,,,5103,0.76,0.82,341.8768719,83.6975307,0.104331131,-0.03414729,0.993956225
1,2,Radial Velocity,2020,154.43,0.528,,9.44,0.12,,,5103,0.76,0.82,341.8768719,83.6975307,0.104331131,-0.03414729,0.993956225
1,1,Radial Velocity,2015,148.60001,0.61,,333.7215,0.38,,,4639,9.83,0.81,343.2665641,44.4777303,0.683308442,-0.205437081,0.700631985
1,1,Radial Velocity,2003,118.45,0.46,,181.1631,0.37,,,5399,0.93,0.74,343.9748751,-26.6595286,0.858960464,-0.246710636,-0.448687845
1,2,Radial Velocity,2019,22.6786,0.1455,,8.23,0.12,,,5430,,0.8,51.8040469,-58.3232726,0.324713192,0.41269684,-0.851024477
1,2,Radial Velocity,2019,53.7357,0.2586,,17.37,0.07,,,5430,,0.8,51.8040469,-58.3232726,0.324713192,0.41269684,-0.851024477
1,2,Radial Velocity,1998,7.12682,0.08,,413.179,0.13,,,5622,1.11,1,344.5647243,-2.3954489,0.963089396,-0.265917065,-0.041796292
1,2,Radial Velocity,2005,4270,5.32,,826.32,0.517,,,5575,1.2,0.98,344.5647243,-2.3954489,0.963089396,-0.265917065,-0.041796292
1,2,Transit,2019,7.78993,0.0695,0.892,3.7,,,701,4640,0.69,0.73,51.7501882,-63.500166,0.27623561,0.350405568,-0.894935654
2,1,Radial Velocity,2011,1319,2.38,,4131.62,0.4,,,5966,1.27,1.02,345.7838088,-0.4303594,0.969348645,-0.245574404,-0.007511118
1,1,Radial Velocity,2018,3501.3,4.56,,6865.128,0.7621,,,5544,1.21,1.03,345.6526588,58.8754484,0.50077876,-0.128087655,0.856045668
1,1,Radial Velocity,2010,225.7,0.69,,63.566,0.3,,,4730,0.85,0.76,347.297417,-2.2611645,0.974765056,-0.219718969,-0.039454522
1,1,Radial Velocity,2012,5501,6.22,,3302.11,0.77,,,5362,1.91,1.05,348.5319387,-62.7018297,0.44946512,-0.091183823,-0.888631879
1,6,Radial Velocity,2015,3.092926,0.03876,1.602,4.74,0,176.2,1015,4699,0.78,0.81,348.3372026,57.1696255,0.530960591,-0.109597158,0.840279307
1,6,Radial Velocity,2015,6.76458,0.0653,1.511,4.36,0.062,62.1,782,4699,0.78,0.81,348.3372026,57.1696255,0.530960591,-0.109597158,0.840279307
1,6,Radial Velocity,2015,46.859,0.237,1.61,16.17,0.138,4.72,410,4699,0.78,0.81,348.3372026,57.1696255,0.530960591,-0.109597158,0.840279307
1,6,Radial Velocity,2015,22.717,0.1463,1.31,7.3,0.148,12.38,523,4699,0.78,0.81,348.3372026,57.1696255,0.530960591,-0.109597158,0.840279307
1,6,Radial Velocity,2015,94.2,0.3753,,10.80622,0,,,4913,0.77,0.79,348.3372026,57.1696255,0.530960591,-0.109597158,0.840279307
1,6,Radial Velocity,2015,2247,3.11,,108.0622,0.06,,,4913,0.77,0.79,348.3372026,57.1696255,0.530960591,-0.109597158,0.840279307
1,1,Radial Velocity,2012,2093.3,3.2,,317.83,0.4,,,4820,2.9,1,348.7243579,56.7303001,0.53799196,-0.107263576,0.836097588
1,1,Transit,2018,6.03607,0.06356,4.71,16.6,0,,1073,5527,1.03,0.92,349.5592665,-56.9039857,0.537002777,-0.098953138,-0.837756703
1,2,Radial Velocity,2007,3.83492,0.0507,,20.97678,0.101,,,5807,1.61,1.18,349.6947029,18.6457524,0.9322286,-0.169503683,0.319716029
1,2,Radial Velocity,2016,4682,5.79,,4640.318,0.8102,,,5807,1.61,1.18,349.6947029,18.6457524,0.9322286,-0.169503683,0.319716029
1,1,Radial Velocity,2012,672.09998,1.6,,5288.6912,0.14,,,3787,54.92,2.2,350.0599827,61.9701062,0.462878023,-0.081118325,0.882702528
1,1,Radial Velocity,2018,1728,2.729,,63.566,0.187,,,5683,0.98,0.91,350.4946927,16.6323305,0.945005958,-0.158229751,0.286229078
1,1,Radial Velocity,2012,2266.4,3.396,,355.33394,0.054,,,5921,1.07,1.02,351.4707282,-20.6167923,0.925604906,-0.138816061,-0.352115974
1,1,Radial Velocity,2011,3724.7,4.94,,460.8,0.51,,,5940,,1.16,351.6144715,8.6428871,0.978074775,-0.144177102,0.150275406
2,1,Radial Velocity,2016,218.47,0.74,,1010.6994,0.404,,,5960,,1.13,351.6534162,56.8871415,0.540503699,-0.07929982,0.837596138
1,1,Radial Velocity,2007,456.1,1.25,,982.05,0.08,,,6304,,1.25,352.836223,-58.209754,0.522698678,-0.065696496,-0.849982389
1,1,Transit,2019,14.2767,0.1228,9.17,60.5,0.115,,,5080,2.94,1.21,353.0331863,-21.8012007,0.921622694,-0.112619215,-0.371387293
1,1,Radial Velocity,2019,22482,18.5,,3082.951,0.42,,,5830,,1.67,353.3319001,-77.3853286,0.216915801,-0.025359321,-0.975860871
1,1,Radial Velocity,2016,1173,2.306,,511.7063,0.123,,,5620,,1.19,353.2293802,63.1556146,0.448419667,-0.053237612,0.892236269
1,1,Radial Velocity,2016,871,1.83,,495.8148,0.08,,,4806,4.1,1.07,354.531982,-70.9032461,0.325675615,-0.03117553,-0.944967449
1,1,Radial Velocity,2011,3999,5.14,,673.7996,0.16,,,5701,1.85,1.21,354.5025617,48.9960191,0.653093668,-0.062856297,0.754663996
2,1,Radial Velocity,1999,572.38,1.34,,2660.2371,0.73,,,5790,1.13,1.12,355.4640788,-5.9862379,0.991432001,-0.078652843,-0.104289582
1,1,Radial Velocity,2016,1189.1,2.28,,1897.4451,0.464,,,6097,1.54,1.34,359.7164302,-61.5868613,0.475820084,-0.002354961,-0.879539483
1,1,Radial Velocity,2006,26.6904,0.191,,222.481,0.104,,,5894,1.93,1.31,359.9749837,-22.4279999,0.92435961,-0.000403591,-0.381522148
1,1,Radial Velocity,2011,528.07,1.167,,4338.2,0.8191,,,5027,,0.75,55.2065581,31.8258855,0.484829509,0.697748647,0.527339712
1,1,Radial Velocity,2001,730.59998,1.6,,829.5363,0.1,,,5974,1.07,1.12,54.9281897,-52.9162344,0.34647504,0.493500057,-0.797754812
1,1,Radial Velocity,2006,1211.17,2.37,,485.32641,0.406,,,5843,1.49,1.21,54.8491271,-60.077229,0.287193408,0.40786461,-0.866698567
1,1,Radial Velocity,2007,141.63,0.567,,359.1479,0.13,,,6101,1.53,1.21,293.017622,16.4743566,0.374961819,-0.882599858,0.283586185
1,1,Radial Velocity,2013,192,0.747,,2089.644,0.05,,,4791,10.9,1.5,137.4535054,53.5682016,-0.437517855,0.401564888,0.804564334
2,1,Radial Velocity,2018,2058,2.827,,565.7374,0.359,,,4981,0.68,0.71,171.5196515,50.3763099,-0.630769763,0.094048008,0.770249621
1,2,Transit,2019,17.667,0.121,1.872,17.92,0,,,,0.73,0.75,55.4590314,-62.7672667,0.259460473,0.376939644,-0.889155086
1,2,Transit,2019,29.625,0.17,2.149,17.18,0,,,,0.73,0.75,55.4590314,-62.7672667,0.259460473,0.376939644,-0.889155086
2,1,Radial Velocity,2003,1561,2.77,,2870.0049,0.27,,,6040,1.53,1.47,57.0018601,40.5307308,0.413936301,0.637451313,0.649855801
1,1,Radial Velocity,2020,13.671,0.0932,,6.89,0.3,8.1,470,3933,0.57,0.58,183.0886375,54.486153,-0.580055861,-0.031299334,0.813975153
1,1,Radial Velocity,2018,4100,5.7,,1906.98,0.56,,,4769,12.73,1.47,279.5842102,59.2538819,0.085119078,-0.504099021,0.859441051
1,1,Radial Velocity,2009,501.75,1.16,,1655.82,0.15,,,4297,,0.82,347.6219227,57.0294818,0.531556977,-0.116657181,0.838950703
1,1,Radial Velocity,2011,745.70001,1.92,,5050.3187,0.4,,,3926,71.23,8.76,348.9259334,58.0432233,0.519424017,-0.101662809,0.84844762
1,1,Radial Velocity,2006,3668,4.92,,1226.8238,0.04,,,5802,1.3,1.11,57.5962104,17.4752873,0.511149812,0.805325483,0.300294416
1,1,Radial Velocity,2015,535.59998,1.29,,4096.8287,0.35,,,4052,40,1.61,59.1510071,74.0800789,0.140651488,0.23548701,0.961645999
1,1,Radial Velocity,2019,2.0455,0.034,,11.8,0.22,,,6034,,1.22,56.2563447,-70.0245193,0.189761324,0.284065983,-0.9398389
1,1,Radial Velocity,2019,6019.32,6.19,,1423.8784,0.39,,,5160,0.83,0.86,59.4335463,-20.2673347,0.47705208,0.80772999,-0.346400889
2,1,Radial Velocity,2010,1802.29,2.971,,290.81445,0.042,,,6125,1.23,1.08,58.9574779,-65.1863239,0.216412297,0.359565819,-0.907677332
3,1,Radial Velocity,2005,3.4442,0.04,,133.4886,0,,,5186,0.94,0.77,7.4990038,-5.76496,0.986432713,0.129848882,-0.100447846
1,1,Transit,2019,4.12688,0.0568,16.141,371.8611,0.091,,2061,6801,1.56,1.43,7.3289156,-76.304032,0.234835412,0.030203578,-0.971565784
3,1,Radial Velocity,2018,42.378,,,8.47,0.04,,,5072,0.87,0.78,63.8082666,-7.6676027,0.437429959,0.889298927,-0.133425823
2,1,Radial Velocity,2000,428.1,1.271,,495.8,0.06,,,4846,,1.23,64.1205476,-59.3028771,0.222822497,0.459303951,-0.859877907
1,1,Radial Velocity,2012,2198.14,3.242,,474.83802,0.141,,,5737,0.92,0.94,64.9392168,-41.9606604,0.314975441,0.673600399,-0.668620201
1,3,Radial Velocity,2005,18.02,0.125,,211.35695,0.047,,,,,0.8,65.1975693,-59.4096776,0.213477095,0.461955293,-0.860827995
1,3,Radial Velocity,2017,36.07,0.198,,51.48846,0.015,,,,,0.8,65.1975693,-59.4096776,0.213477095,0.461955293,-0.860827995
1,3,Radial Velocity,2017,5174,5.448,,1721.04945,0.389,,,,,0.8,65.1975693,-59.4096776,0.213477095,0.461955293,-0.860827995
1,1,Radial Velocity,2001,379,1.02,,1875.197,0.05,,,5662,1.03,1.02,66.6100461,-10.5510754,0.390274738,0.902305735,-0.18311196
2,1,Radial Velocity,2010,1116,2.15,,368.67,0.81,,,5664,1.48,1.06,66.2108141,-50.6228081,0.255908796,0.580519636,-0.772986184
1,1,Radial Velocity,2013,6.0881,0.06,,311.4734,0.09,,,4503,0.69,0.82,61.755663,15.3349441,0.456383771,0.849572886,0.264461274
1,1,Radial Velocity,2008,8.7836,0.066,,8.4,0,,450,,,0.5,70.7353853,18.953358,0.312043651,0.892824057,0.324798341
1,1,Radial Velocity,2011,380.2,1.18,,490.09386,0.149,,,4972,6.48,1.53,67.8560643,4.5752495,0.375733507,0.923288333,0.079768331
1,1,Radial Velocity,2017,1362.3,2.28,,762.792,0.459,,,5560,0.85,0.85,69.4681379,60.6762985,0.171766741,0.458633348,0.871866755
1,1,Radial Velocity,2009,2443,3.43,,772.3269,0.08,,,5505,0.95,0.84,80.8399887,-2.2780391,0.159066383,0.986467393,-0.039748808
1,1,Radial Velocity,2013,311.60001,1.23,,435.4271,0.13,,,4844,10.76,1.97,8.2938367,54.8948177,0.569064675,0.082955042,0.818097706
1,2,Radial Velocity,2002,2527.83,3.704,,2740.33026,0.162,,,5607,1.02,1.05,70.4770964,-58.0208085,0.176987415,0.499162817,-0.848240495
1,2,Radial Velocity,2016,11613,9.89,,2415.508,0.22,,,5580,,0.99,70.4770964,-58.0208085,0.176987415,0.499162817,-0.848240495
1,1,Radial Velocity,2009,1157,2.34,,387.7526,0.76,,,5882,1.61,1.12,72.1529519,-5.6751152,0.304974875,0.947212529,-0.098887566
1,1,Radial Velocity,2014,1684,2.69,,149.37,0.18,,,5400,0.91,0.92,72.1198522,-28.4190757,0.270027128,0.837011538,-0.475917047
2,1,Radial Velocity,2011,847,1.85,,491.68301,0.061,,,4895,4.4,1.17,72.5745099,-24.3689282,0.272785196,0.869103453,-0.412610501
1,1,Radial Velocity,2010,466,1.26,,197.0546,0.3,,,6130,1.75,1.7,73.6822877,12.3520103,0.274459609,0.93750272,0.213917212
1,3,Radial Velocity,2019,16.5535,0.1254,,10.47,0.1,,,5898,,0.96,73.9096193,-23.2413163,0.254662636,0.88285568,-0.394604601
1,3,Radial Velocity,2019,51.2053,0.2663,,14.16,0.04,,,5898,,0.96,73.9096193,-23.2413163,0.254662636,0.88285568,-0.394604601
1,3,Radial Velocity,2019,271.6737,0.8098,,11.82,0.24,,,5898,,0.96,73.9096193,-23.2413163,0.254662636,0.88285568,-0.394604601
1,3,Transit,2016,0.959624,0.0186,1.7,,,,1669,5528,0.87,0.94,8.7401487,4.3807215,0.985500087,0.151509517,0.076383542
1,3,Transit,2016,29.83832,0.1841,2.86,,,,531,5528,0.87,0.94,8.7401487,4.3807215,0.985500087,0.151509517,0.076383542
1,3,Transit,2017,8.509,0.07757,,6.9,0.36,88.9,,5261,0.86,0.86,8.7401487,4.3807215,0.985500087,0.151509517,0.076383542
1,1,Radial Velocity,2009,157.54,0.59,,966.16,0.01,,,4580,10.22,1.13,77.4037569,69.6391355,0.075876698,0.339557414,0.937519861
1,1,Radial Velocity,2015,2372,3.41,,222.481,0.07,,,5727,,0.94,76.9820146,26.3276805,0.201891515,0.873237539,0.443504246
1,1,Radial Velocity,2004,3.38773,0.04,,152.5584,0,,,5000,0.84,0.47,237.4054997,-49.9639199,-0.346522995,-0.541957511,-0.765639517
1,2,Radial Velocity,2011,326,1.07,,440.19455,0.066,,,4978,4.45,1.41,76.8980559,-13.9863374,0.219963932,0.945093415,-0.241690515
1,2,Radial Velocity,2018,834,,,1897.4451,0.05,,,,,1.62,76.8980559,-13.9863374,0.219963932,0.945093415,-0.241690515
1,1,Transit,2020,18.71204,0.1436,9.718,77.55052,0.032,98.09,876,6089,1.28,1.13,306.741134,33.7443882,0.497418175,-0.666338773,0.555488793
2,1,Radial Velocity,2006,18.1991,0.1508,,104.56607,0.399,,,5935,1.97,1.38,77.0044889,-26.7976689,0.200724107,0.869742504,-0.450841225
1,1,Radial Velocity,2005,388,1.1,,2892.1,0.34,,,6250,,1.25,80.6378979,79.2318488,0.030393121,0.184346615,0.982391258
1,2,Radial Velocity,2015,551.40002,1.6,,638.8383,0.15,,,4861,5.39,1.84,78.1505649,-14.9509775,0.198389137,0.945558893,-0.2579925
1,2,Radial Velocity,2015,916,2.24,,556.2025,0.13,,,4861,5.29,1.78,78.1505649,-14.9509775,0.198389137,0.945558893,-0.2579925
1,6,Radial Velocity,2009,1049,2.07,,260.6206,0.27,,,5879,1.38,1.14,79.4207483,7.3527156,0.182085708,0.974918787,0.127977158
1,6,Radial Velocity,2017,214.67,0.7181,,53.5,0.036,,,5836,1.38,1.07,79.4207483,7.3527156,0.182085708,0.974918787,0.127977158
1,6,Radial Velocity,2017,117.87,0.4817,,30.7,0.027,,,5836,1.38,1.07,79.4207483,7.3527156,0.182085708,0.974918787,0.127977158
1,6,Radial Velocity,2017,49.175,0.2687,,16.8,0.09,,,5836,1.38,1.07,79.4207483,7.3527156,0.182085708,0.974918787,0.127977158
1,6,Radial Velocity,2017,676.8,1.543,,37.9,0.031,,,5836,1.38,1.07,79.4207483,7.3527156,0.182085708,0.974918787,0.127977158
1,6,Radial Velocity,2017,5700,6.36,,120.6,0.032,,,5836,1.38,1.07,79.4207483,7.3527156,0.182085708,0.974918787,0.127977158
1,1,Radial Velocity,2016,82.467,0.389,,1195.0408,0.389,,,6060,,1.15,82.8886636,64.3183753,0.053650269,0.430036363,0.901216054
1,1,Radial Velocity,2003,62.25,0.295,,72.46524,0.645,,,5221,,0.8,9.8387218,21.2488844,0.918307449,0.159258443,0.362419891
1,3,Radial Velocity,2002,154.378,0.53364,,214.53525,0.054,,,,,0.85,84.2599947,20.7289784,0.093540072,0.930575697,0.353947917
1,3,Radial Velocity,2002,885.5,1.71,,207.22516,0.125,,,,,0.85,84.2599947,20.7289784,0.093540072,0.930575697,0.353947917
1,3,Radial Velocity,2005,1862,2.807,,221.20968,0.16,,,,,0.85,84.2599947,20.7289784,0.093540072,0.930575697,0.353947917
1,2,Radial Velocity,2004,55.01292,0.277,,854.9627,0.6745,,,5329,0.91,0.94,85.0074276,6.0595116,0.086540363,0.990639974,0.10556139
1,2,Radial Velocity,2012,2720,3.74,,1013.8777,0.03,,,5329,0.91,0.94,85.0074276,6.0595116,0.086540363,0.990639974,0.10556139
1,1,Radial Velocity,2010,363.20001,1.02,,127.132,0.41,,,5981,1.49,1.37,84.2605324,-73.6998131,0.028068432,0.279262819,-0.959804376
2,2,Radial Velocity,2000,14.30944,0.1294,,253.31051,0.28,,,5541,2.56,1.41,86.6451363,1.1675866,0.058507814,0.998078965,0.02037682
2,2,Radial Velocity,2000,2136.1,3.64,,4128.6117,0.3407,,,5541,2.56,1.41,86.6451363,1.1675866,0.058507814,0.998078965,0.02037682
1,1,Radial Velocity,2009,685.25,1.623,,3082.31534,0.017,,,5338,2.03,1.21,86.9963141,-8.3280256,0.051847642,0.988095713,-0.144840199
1,2,Radial Velocity,2001,2093.07,3.1,,3184.6566,0.637,,,6037,1.1,1.09,84.2992798,-80.4646041,0.016455072,0.164837591,-0.986183451
1,1,Radial Velocity,2019,3.2498,0.041,,8.5,0.14,,,5576,,0.87,88.6260731,-19.7044472,0.022573247,0.941173716,-0.337168333
1,5,Radial Velocity,2009,4.3123,0.0468,,4,0.2,,,4956,,0.77,88.5172191,-60.0237289,0.012928978,0.499473988,-0.866232403
1,5,Radial Velocity,2009,9.6184,0.0799,,6.6,0.06,,,4956,,0.77,88.5172191,-60.0237289,0.012928978,0.499473988,-0.866232403
1,5,Radial Velocity,2009,20.432,0.1321,,9.5,0.07,,,4956,,0.77,88.5172191,-60.0237289,0.012928978,0.499473988,-0.866232403
1,5,Radial Velocity,2013,51.76,0.247,,5.2,0.02,,,4956,,0.77,88.5172191,-60.0237289,0.012928978,0.499473988,-0.866232403
1,5,Radial Velocity,2013,197.8,0.6,,7.1,0.29,,,4956,,0.77,88.5172191,-60.0237289,0.012928978,0.499473988,-0.866232403
1,1,Radial Velocity,2017,578.6,1.4,,858.141,0.24,,,4869,8.56,2,91.6628015,63.453875,-0.012968352,0.446729927,0.894574868
3,1,Radial Velocity,2002,264.14999,0.85,,1484.2661,0.25,,,6165,1.21,1.45,91.1253346,44.2597855,-0.014065494,0.716044625,0.697912786
2,2,Radial Velocity,2004,963,,,807.25,0.74,,,,,,89.9566041,-48.2394189,0.000504444,0.666019242,-0.745934391
2,2,Radial Velocity,2003,1.3283,,,5838.29,0.081,,,,,0.4,89.9565956,-48.2394114,0.000504543,0.666019339,-0.745934303
3,1,Radial Velocity,2007,526.62,1.28,,495.79,0.903,,,5688,,0.99,10.8027515,-37.9831248,0.774223907,0.147729643,-0.615429358
1,1,Radial Velocity,2017,857.5,1.67,,508.528,0.2,,,5405,0.82,0.83,92.485473,34.1341722,-0.035895227,0.826947129,0.561132764
1,2,Radial Velocity,2001,431.88,1.17,,708.7609,0.52,,,5596,1.42,1.25,11.1722288,20.4483925,0.919230577,0.181549582,0.349363559
1,2,Radial Velocity,2014,6700,6.95,,689.66,0.24,,,5582,1.5,0.99,11.1722288,20.4483925,0.919230577,0.181549582,0.349363559
1,1,Radial Velocity,2001,832.97,1.662,,257.4423,0.042,,,5717,0.85,0.88,11.1125532,-26.5150392,0.8780398,0.172464347,-0.446432703
1,1,Radial Velocity,2016,149.61,0.554,,14.4,0.19,3.16,337,5727,1,1.01,93.0032173,6.7819742,-0.052025429,0.991638914,0.118091566
1,1,Radial Velocity,2005,15.56,0.12,,15.8915,0,,,5686,1.02,0.93,11.1652594,-65.6527159,0.404463296,0.079831063,-0.911063359
1,1,Radial Velocity,2009,356.21,1.157,,612.45841,0.147,,,4943,5.14,1.63,11.4181301,7.8450492,0.971034639,0.196114705,0.136494513
1,1,Radial Velocity,2010,327.8,0.92,,190.69,0.83,,,5508,1,0.96,93.3993231,-29.8971929,-0.051403727,0.865395847,-0.498445267
3,1,Radial Velocity,2007,36.9987,0.238,,810.4665,0.0796,,,6093,1.6,1.32,94.8946124,41.0920773,-0.064304222,0.750905952,0.657271039
1,1,Radial Velocity,2010,472.3,1.19,,184.33,0.61,,,5752,1.32,1,95.0599971,-10.7250799,-0.086658149,0.978702395,-0.186096714
1,2,Radial Velocity,2019,5.8854,0.0644,,12.19,0.07,,,5869,,1.03,96.1820205,-28.7806402,-0.094384698,0.871372571,-0.481457549
1,2,Radial Velocity,2019,13.1354,0.11,,8.81,0.07,,,5869,,1.03,96.1820205,-28.7806402,-0.094384698,0.871372571,-0.481457549
1,1,Radial Velocity,2004,963.6,1.92,,568.89,0.778,,,5566,1.26,0.98,97.1902262,38.9627315,-0.097321906,0.771440502,0.628814757
1,2,Radial Velocity,2008,226.93,0.6813,,59.4953,0.1684,,,5434,,0.82,96.4105736,-31.4810037,-0.095218593,0.847480991,-0.522215845
1,2,Radial Velocity,2008,342.85,0.8972,,209.0915,0.0974,,,5434,,0.82,96.4105736,-31.4810037,-0.095218593,0.847480991,-0.522215845
1,1,Radial Velocity,2008,44.073,0.237,,137.62039,0.607,,,5294,0.94,0.92,97.3058709,10.9336212,-0.124857869,0.973876372,0.189671624
2,1,Radial Velocity,2000,3.023573,0.0398,,71.8,0.063,,,5285,,0.92,98.3030763,5.4625071,-0.143753525,0.985024343,0.09519437
1,2,Radial Velocity,2008,4.0845,0.05,,22.2481,0.04,,,5657,1.08,0.96,99.0367212,-27.6234285,-0.139163968,0.875016747,-0.463658369
1,2,Radial Velocity,2008,1353.6,2.395,,111.42,0.249,,,,,,99.0367212,-27.6234285,-0.139163968,0.875016747,-0.463658369
2,2,Radial Velocity,2012,360.2,1.19,,753.23,0.13,,,4959,5.4,1.74,12.3085089,-24.1369079,0.891594533,0.194537755,-0.408918391
2,2,Radial Velocity,2012,2732,4.6,,753.23,0.23,,,4959,5.4,1.74,12.3085089,-24.1369079,0.891594533,0.194537755,-0.408918391
1,2,Radial Velocity,2016,359.15,1.28,,731.009,0.06,,,4914,6.2,2.19,99.4200181,-12.9856593,-0.159484985,0.961286236,-0.22470717
1,2,Radial Velocity,2016,682.85,1.97,,597.5204,0.1,,,4914,6.2,2.19,99.4200181,-12.9856593,-0.159484985,0.961286236,-0.22470717
1,1,Radial Velocity,2002,712.13,1.93,,2330,0.2,,,4380,23.47,2.1,99.448958,-32.3394531,-0.138705273,0.833430373,-0.534934259
1,1,Radial Velocity,2021,434,1.14,,4417.837,0.23,,,4076,42.4,1.05,12.4161652,6.4071412,0.970511756,0.213667919,0.111592792
1,1,Radial Velocity,2008,778.51,1.814,,484.69075,0.211,,,5733,1.9,1.31,100.0073683,-48.5418284,-0.115051636,0.651999933,-0.749439262
1,1,Radial Velocity,2018,400.5,1.167,,513.29545,0.066,,,4802,5.01,1.32,12.7762624,-12.9276648,0.950521902,0.215539189,-0.223720745
1,1,Radial Velocity,2002,4.94737,0.06,,31.783,0.09,,,5602,1.02,1.03,102.8773483,40.8672284,-0.168536513,0.73720824,0.654308379
1,2,Radial Velocity,2005,2447.1,3.833,,519.96988,0.266,,,6102,1.35,1.25,103.008075,-33.915267,-0.186792658,0.80856797,-0.557966254
1,2,Radial Velocity,2019,8619.9,9.02,,931.2419,0,,,6099,1.42,1.31,103.008075,-33.915267,-0.186792658,0.80856797,-0.557966254
1,1,Radial Velocity,2002,1293,2.353,,1574.464,0.501,,,5987,1.02,1.04,103.678273,24.2451409,-0.215612342,0.885937274,0.410641527
1,2,Radial Velocity,2019,14.0726,0.1059,,12.77,0.09,,,5358,,0.8,103.7137102,-55.2600189,-0.135095422,0.553607946,-0.821746597
1,2,Radial Velocity,2019,95.9446,0.3809,,14.31,0.14,,,5358,,0.8,103.7137102,-55.2600189,-0.135095422,0.553607946,-0.821746597
1,1,Radial Velocity,2000,119.27,0.52,,384.5743,0.27,,,6136,,1.2,105.0746449,-5.3668142,-0.258937133,0.961354975,-0.093531667
1,2,Transit,2021,14.339156,0.1202,2.45,7.8,0.08,132,943,6203,1.19,1.13,12.5467785,-83.7437671,0.106372577,0.023673364,-0.994044489
1,2,Transit,2021,40.87,0.2416,,18.4,0.07,,,6203,1.19,1.13,12.5467785,-83.7437671,0.106372577,0.023673364,-0.994044489
1,2,Radial Velocity,2007,637.1,1.57,,494.54348,0.092,,,4871,4.06,1.27,13.7558096,0.7893425,0.97122579,0.237761817,0.01377619
1,2,Radial Velocity,2014,872.2,1.93,,334.67499,0.183,,,4871,4.06,1.27,13.7558096,0.7893425,0.97122579,0.237761817,0.01377619
1,1,Radial Velocity,2018,1827,3.18,,1230.0021,0.705,,,6012,1.52,1.29,108.0622029,-38.174639,-0.243739242,0.747390403,-0.618060489
1,1,Radial Velocity,2016,139.35,0.53,,1837.0574,0.076,,,4830,9.09,1.01,14.486946,34.9853306,0.793248984,0.20495533,0.573366691
1,1,Radial Velocity,2012,779.9,1.911,,534.27223,0.056,,,4877,5.14,1.53,14.5594349,33.9505774,0.802881578,0.208528094,0.558477578
1,1,Radial Velocity,2014,492.3,1.2,,104.88,0.096,,,5902,1.01,0.96,2.4694459,-50.2678998,0.638605178,0.027540914,-0.769041562
1,1,Radial Velocity,2011,177.11,0.64,,2425.0429,0.07,,,4673,10.64,1.93,15.1383168,20.2923139,0.905387419,0.244941954,0.346809833
2,1,Radial Velocity,2016,299.36,1.086,,2199.3836,0.05,,,4658,13.2,1.9,112.9518629,17.0857195,-0.372747344,0.880193017,0.293802093
1,1,Radial Velocity,2020,495.4,1.5,,2065.895,0.27,,,4348,27,1.7,114.6201698,66.2350517,-0.16788409,0.366349871,0.915206373
1,2,Radial Velocity,2008,201.9,0.77,,336.8998,0.26,,,6245,2.57,1.5,113.5130656,-22.2958661,-0.36913091,0.848413844,-0.379389405
1,2,Radial Velocity,2008,600.1,1.6,,797.7533,0.03,,,6245,2.57,1.5,113.5130656,-22.2958661,-0.36913091,0.848413844,-0.379389405
1,1,Radial Velocity,2006,589.64,1.64,,731,0.02,,,4892.63,,,116.328824,28.026127,-0.39151181,0.791161674,0.46987414
1,2,Transit,2020,7.10793,0.0719,2.15,,0,,,5640,0.91,0.99,117.4793699,27.3631342,-0.409800493,0.787911956,0.459628443
1,2,Transit,2020,20.5453,0.1458,2.67,,0,,,5640,0.91,0.99,117.4793699,27.3631342,-0.409800493,0.787911956,0.459628443
1,1,Radial Velocity,2005,2.81805,0.04,,79.4575,0,,,4812,0.77,0.42,114.8406393,-78.2791464,-0.085339819,0.184348777,-0.979148938
1,1,Radial Velocity,2009,358,0.94,,168.4499,0.24,,,5449,0.83,0.65,116.9582617,-54.265345,-0.264765961,0.520569592,-0.811730427
1,1,Radial Velocity,2019,45.791,0.246,,17.8,0.12,,,5676,,0.95,117.982556,-11.0337221,-0.460529375,0.866766302,-0.19138671
1,1,Radial Velocity,2003,21.998,0.14,,155.7367,0.17,,,5769,1.12,1.1,16.1663441,-39.4904909,0.741213924,0.214870489,-0.635950149
3,2,Radial Velocity,2003,577.6,1.301,,411.58985,0.27,,,5612,,0.87,118.4209646,-63.6466892,-0.211274891,0.390403238,-0.896073787
3,2,Radial Velocity,2013,5370,5.75,,645.1949,0.17,,,5612,,0.87,118.4209646,-63.6466892,-0.211274891,0.390403238,-0.896073787
1,1,Radial Velocity,2012,480.5,1.2,,1906.9,0.07,,,4323,21.4,1.1,120.5662825,2.3350265,-0.508112548,0.860326495,0.04074262
1,1,Radial Velocity,2005,2263.12,3.467,,1018.32732,0.493,,,5773,1.1,1.08,120.8691654,-1.1636019,-0.512973593,0.858164149,-0.020307288
1,2,Radial Velocity,2015,352.2,1.08,,973,0.17,,,6330,1.55,1.36,121.9155672,31.5511553,-0.450517601,0.723348646,0.523259618
1,2,Radial Velocity,2015,2374,3.86,,1540,0.76,,,6330,1.55,1.36,121.9155672,31.5511553,-0.450517601,0.723348646,0.523259618
1,1,Radial Velocity,2009,2496,3.55,,533.9544,0.1,,,5801,0.95,1.08,16.9536005,-8.2336165,0.946681546,0.288591497,-0.143209629
1,1,Radial Velocity,2016,1103,2.18,,975.7381,0.03,,,5950,1.02,1.12,121.3474609,-74.4100732,-0.139811183,0.229520489,-0.963209831
1,1,Radial Velocity,2001,6.27711,0.07,,626.1251,0.12,,,5932,1.19,1.28,124.5935429,61.4608518,-0.271248203,0.393291473,0.878490882
1,3,Radial Velocity,2006,8.667,0.0785,,10.2,0.1,,,5385,,0.86,124.6010091,-12.6364246,-0.554103514,0.803188506,-0.218763616
1,3,Radial Velocity,2006,31.56,0.186,,11.8,0.13,,,5385,,0.86,124.6010091,-12.6364246,-0.554103514,0.803188506,-0.218763616
1,3,Radial Velocity,2006,197,0.63,,18.1,0.07,,,5385,,0.86,124.6010091,-12.6364246,-0.554103514,0.803188506,-0.218763616
1,1,Radial Velocity,2007,851.8,1.76,,1900,0.4,,,5737,,1,125.7079153,1.8591088,-0.583346172,0.811575485,0.032441876
1,1,Radial Velocity,2003,2124.54,3.318,,633.43519,0.175,,,5732,0.98,1.08,125.3661079,-39.7044432,-0.445298943,0.627382101,-0.638827481
1,1,Radial Velocity,2011,615,1.36,,85.8141,0.19,,,5371,0.97,0.77,17.6979344,-66.1886947,0.384618466,0.122732132,-0.914880025
1,1,Transit,2018,858,1.88,,561.92344,0.124,,,4934,4.96,1.21,128.4028287,13.5507189,-0.603894435,0.761847884,0.234306026
1,1,Radial Velocity,2002,3658,4.75,,1223.6455,0.22,,,5932,1.46,1.43,128.5128072,-1.5686323,-0.622456204,0.782175759,-0.027374378
1,1,Radial Velocity,2016,39.475,0.228,,1732.1735,0.423,,,5688,1.22,1.02,128.7195554,-14.4574311,-0.605701241,0.755510142,-0.249660633
1,1,Radial Velocity,2008,1245.36,2.187,,984.31951,0.23,,,5387,0.91,0.9,129.0735123,-34.4594469,-0.519713287,0.64011145,-0.565822791
1,2,Radial Velocity,2002,188.3,0.65,,978.9164,0.19,,,5601,1.53,1.14,129.318331,-41.3184231,-0.475887813,0.581041917,-0.660243198
1,2,Radial Velocity,2005,379.1,1.03,,715.09,0.28,,,,,1.01,129.318331,-41.3184231,-0.475887813,0.581041917,-0.660243198
1,1,Radial Velocity,2008,1750,2.99,,353.42696,0.126,,,4917,2.58,1.16,129.8153421,12.9599703,-0.624004639,0.748545966,0.224270256
1,2,Radial Velocity,2003,51.645,0.292,,572.07,0.627,,,6068,,1.24,130.6047813,4.5772338,-0.648761838,0.756795602,0.079802853
1,2,Radial Velocity,2003,2473,3.85,,2561.6,0.432,,,6068,,1.24,130.6047813,4.5772338,-0.648761838,0.756795602,0.079802853
2,1,Radial Velocity,2011,1255.5,2.38,,161.45764,0.92,,,6024,,1.05,18.621465,-5.0479716,0.943973277,0.318075854,-0.087989788
2,1,Radial Velocity,1999,3.50927,0.05,,155.7367,0.03,,,6117,1.23,1.29,131.9181715,-41.7377748,-0.4985124,0.55524678,-0.665722465
1,2,Radial Velocity,2014,341.2,1.032,,317.83,0.097,,,4867,3.4,1.26,133.0992289,13.2330548,-0.665121241,0.71078323,0.228912504
1,2,Radial Velocity,2018,7900,8.4,,1792.5612,0.489,,,4867,3.4,1.26,133.0992289,13.2330548,-0.665121241,0.71078323,0.228912504
1,1,Radial Velocity,2007,422.9,1.191,,861.3193,0.11,,,5963,1.58,1.26,133.4611999,33.0566885,-0.576519674,0.608349511,0.54546855
1,1,Radial Velocity,2002,3.97097,0.05,,66.7443,0.09,,,5644,1.37,0.99,133.4782248,-66.8004747,-0.271057856,0.285852877,-0.919138603
1,1,Radial Velocity,2017,415.4,1.149,,1249.0719,0.856,,,4698,7.47,1.17,133.820353,-67.2653621,-0.267587272,0.278839083,-0.922304623
1,1,Radial Velocity,2012,5.7361,0.06,,19.0698,0.09,,,5341,0.97,1.37,135.3022475,-25.5282343,-0.64143117,0.634699247,-0.430955822
1,3,Radial Velocity,2008,5.39792,0.06,,6.3566,0.06,,,5131,0.78,0.65,20.4956562,76.7101475,0.215325848,0.08048843,0.973219601
1,3,Radial Velocity,2015,15.299,0.1134,,7.86,0.098,28.35,584,5075,0.78,0.83,20.4956562,76.7101475,0.215325848,0.08048843,0.973219601
1,3,Radial Velocity,2015,24.451,0.1551,,6.44,0.21,15.17,499,5075,0.78,0.83,20.4956562,76.7101475,0.215325848,0.08048843,0.973219601
2,1,Radial Velocity,2011,1807,2.98,,425.8922,0.575,,,5748,1.05,1.08,138.7885794,23.3748792,-0.690542679,0.604767591,0.396745472
2,1,Radial Velocity,2001,111.4367,,11.994,1392.0954,0.93,,,5561,1.04,1.15,140.6569501,50.6037764,-0.490838398,0.402362818,0.772775407
1,1,Transit,2020,0.719573,0.0166,1.613,5.6,,,,,1.22,1.18,140.3390845,14.3678691,-0.745756574,0.618280163,0.248146676
1,1,Radial Velocity,2005,1001.70001,1.94,,2310.6241,0.53,,,5755,0.91,1.05,140.9455027,20.3646078,-0.728010607,0.590678778,0.347993012
1,1,Radial Velocity,2007,184.02,0.81,,858.1,0,,,4753,13,2.1,142.1665753,45.6009241,-0.552583134,0.429143968,0.714483964
1,1,Radial Velocity,2020,1047.1,3.3,,8613.193,0.17,,,4140,83.8,4.3,144.2715659,81.3263096,-0.12242411,0.088062806,0.98856324
1,1,Radial Velocity,2011,705,1.58,,740.5439,0.07,,,4953,5.26,2.53,143.9383526,34.7805902,-0.663960216,0.483487676,0.570435358
1,2,Radial Velocity,2003,441.47,1.18306,,534.25,0.162,,,5935,1.18,1.08,143.7114034,-12.1302976,-0.788048901,0.578638028,-0.210135578
1,2,Radial Velocity,2003,220.078,0.74345,,622.603,0.3663,,,5935,1.18,1.08,143.7114034,-12.1302976,-0.788048901,0.578638028,-0.210135578
1,1,Radial Velocity,2019,158.991,0.533,,66.6,0.2,,,4914,,0.8,20.5314418,-26.8940678,0.835194296,0.312788851,-0.452342373
1,1,Radial Velocity,2002,2.9857,0.04,,108.0622,0.01,,,5442,0.94,0.79,144.2994103,-43.272721,-0.591272993,0.424881974,-0.685471777
2,1,Radial Velocity,2010,1313,2.45,,216.1244,0.15,,,6136,1.19,1.13,20.9054804,-41.2701007,0.702130325,0.268194454,-0.659609538
1,1,Radial Velocity,2009,799.52,1.373,,31.46517,0.5,,,5186,,0.76,147.5105663,-49.7905254,-0.544543968,0.346771604,-0.763689283
1,1,Radial Velocity,2011,58.43,0.26,,3.1783,0.11,,,4300,0.71,0.43,147.7821226,-43.5048162,-0.613637244,0.386695444,-0.688415547
1,1,Radial Velocity,2002,227,0.76,,645.1949,0.3,,,6064,1.38,1.34,21.3033807,28.5660169,0.818254593,0.319079756,0.478171027
2,1,Radial Velocity,2006,2.1378431,0.0346,,470.3884,0.0119,,,5939,1.46,1.21,149.0243714,-3.8083543,-0.855493015,0.513536918,-0.066419389
1,2,Radial Velocity,2009,1628,2.73,,143.0235,0.059,,176,5863,1.05,1.02,149.1235154,-24.0991859,-0.783468282,0.468459473,-0.40831749
1,2,Transit,2020,3.98442,0.049,2.16,7.25,0.075,,1311,5863,1.05,1.02,149.1235154,-24.0991859,-0.783468282,0.468459473,-0.40831749
1,1,Radial Velocity,2009,1475,2.86,,2224.81,0.7,,,6210,1.88,1.42,149.2409308,-15.8953993,-0.826467703,0.491873754,-0.273881993
2,1,Radial Velocity,2009,1634,3.02,,4513,0.723,,,6389.05,1.5,1.28,21.5378455,34.5793389,0.765851522,0.302261449,0.567546882
1,1,Radial Velocity,2016,1270,2.72,,1144.188,0.17,,,4805,8.8,1.66,150.4066612,-17.3330699,-0.830065109,0.471414973,-0.297925892
3,1,Radial Velocity,2016,13.481,0.117,,3941.092,0.05,,,5770,1.55,1.12,151.6695435,17.8949795,-0.837641096,0.451597779,0.307273234
1,1,Radial Velocity,2009,2754,3.58,,489.4582,0.53,,,4915,0.79,0.66,152.1794175,34.2419984,-0.731116537,0.385809735,0.562689485
1,1,Radial Velocity,2004,3.414884,0.0479,,90.42263,0.031,,,5392,2.2,1.26,152.5319349,18.1857284,-0.842948861,0.438214421,0.312098284
1,1,Radial Velocity,2009,2166,3.27,,670.6213,0.2,,,5955,1.1,1.27,154.5874958,12.6209392,-0.88141661,0.418763133,0.218499883
1,1,Transit,2018,11.8143,0.1066,7.398,34.9613,0.22,,1089,5576,1.75,1.16,154.6710977,10.1288464,-0.88977988,0.421146285,0.175862366
2,1,Radial Velocity,1999,256.78,0.917,,2653.8805,0.677,,,6291,,1.86,155.5433193,41.2289354,-0.684601249,0.311365877,0.659069359
1,1,Radial Velocity,2009,49.77,0.25,,17.98,0.31,,,5599,,0.84,155.9801144,-29.645103,-0.793844948,0.353772729,-0.494626176
1,1,Radial Velocity,2016,1179,2.2,,352.7913,0.12,,,5577,1.67,1.03,22.5043352,-19.6052945,0.870291678,0.360563766,-0.335538621
1,2,Radial Velocity,2000,325.803,0.97,,1195.0408,0.35,,,5744,1.14,1.15,160.7021351,-2.1847173,-0.943127229,0.330239004,-0.038121271
1,2,Radial Velocity,2019,11611.2975,10.5,,1166.4361,0.46,,,5744,1.14,1.15,160.7021351,-2.1847173,-0.943127229,0.330239004,-0.038121271
1,1,Radial Velocity,2019,10354.8375,9.62,,5364.9704,0.21,,,5770,1.58,1.08,160.9012407,-39.0583857,-0.733762364,0.254070206,-0.630111994
1,1,Radial Velocity,2005,143.58,0.477,,117.59,0.14,,,4995,,0.7,161.0866672,-33.5776794,-0.788155672,0.270050921,-0.553067028
1,2,Radial Velocity,2009,30.052,0.189,,222.472,0.2,,,5793,1,1,23.3350424,29.2649187,0.80101273,0.345551504,0.488848406
1,2,Radial Velocity,2009,192.9,0.654,,578.426,0.06,,,5793,1,1,23.3350424,29.2649187,0.80101273,0.345551504,0.488848406
1,1,Radial Velocity,2018,1576,2.74,,400.4658,0.14,,,4798,4.2,1.11,164.3126363,24.1429374,-0.878537533,0.246736711,0.409014423
1,1,Imaging,2013,,56,,1589,,,,,,1.6,164.2621032,-68.6672917,-0.350145746,0.09867147,-0.931483707
1,2,Radial Velocity,2009,464.4,1.36,,400.4658,0.119,,,4918,5.08,1.54,164.698748,1.7290087,-0.964112503,0.263773979,0.030172315
1,2,Radial Velocity,2018,1785,3.33,,1096.5135,0.284,,,4918,5.08,1.54,164.698748,1.7290087,-0.964112503,0.263773979,0.030172315
1,1,Radial Velocity,2015,482,1.28,,3378.5329,0.11,,,4218,41.01,3.7,164.8961152,43.8144094,-0.696658919,0.188023678,0.692324669
1,1,Radial Velocity,2020,55.087,0.262,3.89,42.44,0.197,7.42,385,5212,0.87,0.83,164.8563364,-56.6235564,-0.531033288,0.143718016,-0.835074116
1,1,Radial Velocity,2015,4375,5.15,,1188.6842,0.06,,,5312,0.84,0.7,165.8658796,-22.0943303,-0.898515712,0.22626047,-0.376132577
1,1,Radial Velocity,2011,362.5,1.11,,403.6441,0.17,,,5020,4.75,1.37,166.1853484,-2.5132966,-0.970139148,0.238552096,-0.043851235
1,1,Radial Velocity,2011,647.29999,1.42,,6661.7168,0.3,,,3943,51.1,10.94,166.441502,44.30155,-0.695728775,0.167781154,0.698434647
2,1,Radial Velocity,2009,498.04,1.332,,227.88411,0.685,,,5733,1.94,1.27,166.3125657,-10.291345,-0.955969956,0.232818252,-0.178653589
1,1,Radial Velocity,2021,514,1.24,,362.3262,0.41,,,4725,7.43,0.96,167.5966158,43.9189897,-0.703508665,0.154719974,0.693640604
1,1,Disk Kinematics,2019,,130,,794.575,,,,10000,2.25,2.4,167.0133422,-77.654853,-0.208331705,0.048046068,-0.976877411
1,1,Radial Velocity,2010,9.4909,,2.354,8.88263,0.06,,,5175,0.74,0.89,168.6376584,25.7105962,-0.883338057,0.177508085,0.433825721
1,1,Radial Velocity,2011,433.8,1.26,,624.21812,0.079,,,4925,4.6,1.41,169.4475218,-23.975488,-0.898266178,0.167334939,-0.406345777
1,1,Radial Velocity,2012,6022.9725,6.57,,2158.0657,0.86,,,5790,1.01,1.03,170.2147665,-23.2181063,-0.905640787,0.156190968,-0.39423235
2,1,Radial Velocity,2018,968.8,1.864,,740.5439,0.226,,,5271,0.93,0.92,170.4549045,18.1896082,-0.936875911,0.157537391,0.312162616
1,1,Radial Velocity,2005,439.29999,1.11,,139.8452,0.09,,,5282,0.98,0.76,171.0715576,-1.529761,-0.987530855,0.155145489,-0.026696194
2,1,Radial Velocity,2004,17.0431,0.12,,22.2481,0.25,,,4815,0.83,0.48,171.689687,3.0071331,-0.98813726,0.144335287,0.052460281
1,2,Radial Velocity,2011,841,1.98,,390.9309,0.25,,,4862,5.52,1.46,172.1261621,43.9662025,-0.712963727,0.098600095,0.694233927
1,2,Radial Velocity,2018,1278,,,1808.4527,0.411,,,,,1.72,172.1261621,43.9662025,-0.712963727,0.098600095,0.694233927
1,1,Radial Velocity,2014,184.2,0.81,,2606.1,0.02,,,4780,,2.1,321.5962275,-37.8294782,0.618959801,-0.490647852,-0.613313501
1,1,Radial Velocity,2020,55.199,0.243,,12.9,0.18,,,,,0.63,327.4977057,-41.2440371,0.634136954,-0.404025494,-0.659267566
1,1,Radial Velocity,2015,144.3,0.72,,629.3034,0.09,,,4945,11.6,2.42,327.5005089,-64.7126993,0.360262993,-0.22950834,-0.904177249
1,1,Radial Velocity,2016,499.48,1.134,,495.8148,0.549,,,5180,,0.78,332.408972,71.313956,0.283947146,-0.14838737,0.947288344
2,1,Radial Velocity,2016,232.08,0.706,,851.7844,0.163,,,5530,,0.87,333.027079,29.0662082,0.778979638,-0.396446322,0.485819964
2,1,Transit,2014,9.1205,,2.466,12.7132,0.2,,,5089,0.72,0.81,353.9543517,0.4447043,0.994408347,-0.105317606,0.007761476
1,1,Radial Velocity,2010,57.435,0.25,,114.4188,0.17,,,3901,0.65,0.69,41.6800749,-23.0860048,0.687058155,0.61171802,-0.392112427
1,3,Radial Velocity,2005,6.673892,0.0696,,1239.537,0.14399,,,5544,1.07,1.01,47.809275,21.0971302,0.626584318,0.691251064,0.359950078
1,3,Radial Velocity,2006,147.747,0.549,,416.3573,0.1566,,,5544,1.07,1.01,47.809275,21.0971302,0.626584318,0.691251064,0.359950078
1,3,Radial Velocity,2009,981.8,1.94,,187.5197,0.185,,,5544,1.07,1.01,47.809275,21.0971302,0.626584318,0.691251064,0.359950078
1,1,Radial Velocity,2019,41.516,0.217,,12.7,0.16,,,4881,,0.79,109.0449329,-3.6661273,-0.325641794,0.943328574,-0.063942339
1,2,Radial Velocity,2020,60.722,0.256,,8.1,0.17,,,,,0.61,118.5439118,-25.3023073,-0.431991485,0.794177244,-0.42739427
1,2,Radial Velocity,2020,3477.768,3.805,,48.4,0.16,,,,,0.61,118.5439118,-25.3023073,-0.431991485,0.794177244,-0.42739427
1,5,Transit,2016,15.572098,,,,,,,6226,1.34,1.17,126.6158279,10.0803708,-0.587239403,0.79026235,0.175029431
1,5,Transit,2016,31.70648,,,,,,,6226,1.34,1.17,126.6158279,10.0803708,-0.587239403,0.79026235,0.175029431
1,5,Transit,2016,1114,,,,,,,6226,1.34,1.17,126.6158279,10.0803708,-0.587239403,0.79026235,0.175029431
1,5,Transit,2016,,,,,,,,6226,1.34,1.17,126.6158279,10.0803708,-0.587239403,0.79026235,0.175029431
1,5,Transit,2016,1084,,,,,,,6226,1.34,1.17,126.6158279,10.0803708,-0.587239403,0.79026235,0.175029431
1,1,Radial Velocity,2020,34.15,0.176,,14.4,0.25,,,,,0.62,15.5881733,-10.4246208,0.947318994,0.264285443,-0.180941783
1,1,Radial Velocity,2020,17.818,0.112,,22.9,0.5,,,,,0.58,149.0332672,62.7859505,-0.392133018,0.235307514,0.889304262
1,2,Radial Velocity,2009,345.72,0.89,,451,0.52,,,4962,,0.78,16.5094891,-22.4536134,0.886087216,0.262630625,-0.381935335
1,2,Radial Velocity,2011,9017.76,7.7,,4780.1632,0.14,,,4813,0.75,0.78,16.5094891,-22.4536134,0.886087216,0.262630625,-0.381935335
1,2,Radial Velocity,2019,7.76,0.063,,8.62,0.2,,,4021,,0.57,166.8643532,-19.2916857,-0.919152877,0.214496484,-0.330377432
1,2,Radial Velocity,2019,15.144,0.099,,12.44,0.2,,,4021,,0.57,166.8643532,-19.2916857,-0.919152877,0.214496484,-0.330377432
1,3,Radial Velocity,2011,8.1352,0.07,,6.3566,0.19,,,4510,0.78,0.29,176.1705487,30.9576484,-0.855633097,0.057272857,0.514404338
1,3,Radial Velocity,2011,32.03,0.178,,130,0.05,,,4640,0.68,0.73,176.1705487,30.9576484,-0.855633097,0.057272857,0.514404338
1,3,Radial Velocity,2011,431.7,1.01,,167.4,0.27,,,4640,0.68,0.73,176.1705487,30.9576484,-0.855633097,0.057272857,0.514404338
1,1,Radial Velocity,2013,124.6,0.565,,2917.56,0.23,,,4830,,1.54,194.3824825,-65.6463263,-0.399444002,-0.102429622,-0.911017377
2,1,Transit,2020,0.9809734,0.01782,22.754,1021.18779,0,661,1411,4590,0.72,0.78,0.1856063,-54.8308228,0.57598962,0.001865891,-0.817454877
1,2,Radial Velocity,2016,28.125,0.177,,136.03124,0.14,,,5460,,0.93,201.087663,48.8847322,-0.613538837,-0.236593168,0.753388193
1,2,Radial Velocity,2016,67.3,0.316,,249.17872,0.12,,,5460,,0.93,201.087663,48.8847322,-0.613538837,-0.236593168,0.753388193
1,1,Imaging,2017,,92,16.814,2860.47,,,1500,8840,1.77,1.96,201.1501727,-51.5045384,-0.580522949,-0.224589403,-0.782657464
1,1,Radial Velocity,2015,1084.5,2.81,,1906.98,0.13,,,5000,8.93,2.5,202.6050857,-58.6643937,-0.480097744,-0.199895403,-0.854135811
1,1,Transit,2020,6.959503,,10.07,,0.059,,1174,5675,1.38,1.22,207.526001,-40.8358961,-0.67094096,-0.349656833,-0.653894737
1,1,Radial Velocity,2017,2556.5,4.91,,3527.913,0.59,,,4985,8.69,2.41,207.5808445,-39.9008996,-0.679974366,-0.355192593,-0.641461677
1,2,Radial Velocity,2015,88.9,0.46,,438.6054,0.05,,,4890,5.92,1.63,208.465364,-35.3146536,-0.717341017,-0.388923099,-0.578066336
1,2,Radial Velocity,2015,2131.8,3.82,,1900.6234,0.17,,,4890,5.92,1.63,208.465364,-35.3146536,-0.717341017,-0.388923099,-0.578066336
2,1,Radial Velocity,2009,17337.5,20.25,,2860,0.715,,,4105,,0.63,217.3270762,-46.464684,-0.547726054,-0.417664635,-0.724949945
1,1,Radial Velocity,2019,87.19,0.335,,18.8,0.21,,,4146,,0.66,218.2158073,-52.6464757,-0.476700399,-0.375339228,-0.794907034
1,1,Radial Velocity,2016,822.3,2.1,,762.792,0.07,,,4850,5.77,1.74,229.5714974,-41.4210961,-0.486288085,-0.570811006,-0.661588009
1,1,Imaging,2010,,740,,7300,,,2700,10500,,2.5,240.4810052,-21.980492,-0.456897498,-0.806939285,-0.374290885
2,1,Imaging,2019,,345,,6515.515,,,2450,,,3.75,242.1821202,-23.6855244,-0.427352919,-0.809934193,-0.401716425
1,1,Radial Velocity,2009,111.7,0.36,,667.415,0.29,,,3420,0.48,0.48,243.1742467,-18.8764247,-0.427008276,-0.844389421,-0.323528108
2,1,Radial Velocity,2016,1560.2,2.8,,1748.065,0.16,,,4670,7.83,1.17,27.5271962,-54.4651633,0.515401341,0.26861197,-0.813762292
1,1,Radial Velocity,2013,5.0505,0.06,,346.4347,0.02,,,5519,0.89,0.97,279.2211173,61.7015065,0.075966556,-0.467938844,0.880489819
1,1,Radial Velocity,2014,1058.8,2.55,,6356.3,0.61,,,5020,5.34,1.93,296.4221207,-0.6968794,0.444948048,-0.895473789,-0.01216254
1,1,Imaging,2006,,773,11.777,6991.57,,,,5927.14,1.01,1.08,326.1315705,14.7714524,0.802877875,-0.538869625,0.254964007
1,1,Imaging,2016,,20.3,12.442,9534.9,,,1200,,,1.3,102.5042716,-60.2486775,-0.107441365,0.484465747,-0.868187361
2,1,Radial Velocity,2019,27000,18,,1026.5909,0.84,,171,5794,1.53,1.07,206.7357992,6.3498994,-0.887611372,-0.44711711,0.110599919
1,1,Radial Velocity,1999,302.79999,0.92,,721.4741,0.14,,,6167,1.13,1.34,40.6417178,-50.7993484,0.479588796,0.411663414,-0.774937301
2,3,Transit,2019,3.58599,0.048,2.085,,0.3,989.7,1572,6201,1.31,1.15,42.9849779,-30.8140609,0.628265126,0.585558822,-0.512253646
2,3,Transit,2019,5.97293,0.0674,1.939,,0.19,512,1326,6201,1.31,1.15,42.9849779,-30.8140609,0.628265126,0.585558822,-0.512253646
2,3,Transit,2019,11.23,0.1027,2.164,,0.28,217,1075,6201,1.31,1.15,42.9849779,-30.8140609,0.628265126,0.585558822,-0.512253646
1,4,Imaging,2008,170000,68,13,2000,,,,7204.58,1.49,1.61,346.8701486,21.1340376,0.908355597,-0.211879916,0.360550983
1,4,Imaging,2008,69000,38,13,3000,,,,7204.58,1.49,1.61,346.8701486,21.1340376,0.908355597,-0.211879916,0.360550983
1,4,Imaging,2008,37000,24,13,3000,,,,7204.58,1.49,1.61,346.8701486,21.1340376,0.908355597,-0.211879916,0.360550983
1,4,Imaging,2010,,16.4,13.115,3178.3,0.15,,1150,7400,,,346.8701486,21.1340376,0.908355597,-0.211879916,0.360550983
2,2,Timing Variation,2011,2390,3.6,,1875.197,0,,,,,0.88,316.9921976,-5.2948694,0.728140507,-0.679187412,-0.092281424
2,2,Timing Variation,2011,4368,5.4,,1430.235,0.51,,,,,0.88,316.9921976,-5.2948694,0.728140507,-0.679187412,-0.092281424
3,1,Timing Variation,2012,4640,4.69,,4602.90201,0.4,,,,,0.48,191.0843668,-8.6714143,-0.970127626,-0.190056599,-0.150767627
1,1,Radial Velocity,2018,734,2.038,,2002.329,0.18,,,,,2.1,261.2086139,-49.9489317,-0.098346215,-0.635910245,-0.765471216
1,1,Transit,2015,19.3044,,3.84,27,0.31,,,5620,0.98,0.92,172.1216476,1.6906217,-0.990130133,0.137010634,0.029502634
1,1,Transit,2016,1.673833,0.0296,3.59,,,,1748,6168,1.22,1.23,129.6010863,20.1060074,-0.598591952,0.723545441,0.343758156
1,1,Transit,2016,14.677286,,2,,0.1,,,4819,0.73,0.8,130.3439097,18.9338205,-0.612347248,0.720934319,0.324475816
1,1,Transit,2016,9.915615,,1.3,,0.1,,,4695,0.71,0.77,130.0558953,19.7787519,-0.605570151,0.720262241,0.338388972
1,1,Transit,2016,1.974238,0.023,1.96,,0.09,62.1,,3546.46,0.49,0.43,129.6366594,19.7737202,-0.60030275,0.724696788,0.338306332
1,1,Transit,2017,8.267704,0.0796,3.37,,,,814,5464,0.91,0.99,125.4202985,13.4975122,-0.563562227,0.792414405,0.233403143
1,1,Transit,2017,3.313959,0.0475,15.98,,,,1649,6061,1.81,1.3,284.985355,-22.2934206,0.239244725,-0.893787226,-0.379349913
1,1,Transit,2017,4.733999,0.0581,5.33,,,,1360,5599,1.76,1.17,123.3818484,16.419516,-0.527777172,0.80096813,0.282668201
1,1,Transit,2015,39.93767,0.2257,7.55,,,,734,5433,5.15,1.35,169.0418328,1.9866832,-0.981176107,0.189977977,0.034667215
1,1,Transit,2017,13.86387,0.1027,2.56,,,,575,4950,0.71,0.75,207.3497402,-12.2849182,-0.867879957,-0.448900823,-0.212773194
1,2,Transit,2017,5.3518,0.057,1.82,5.29,0.13,,,5775,1.25,0.84,59.8903081,21.2985263,0.467394183,0.805983021,0.363227266
1,2,Radial Velocity,2020,15.6785,0.1166,,11.3,0.07,,,5775,1.25,0.84,59.8903081,21.2985263,0.467394183,0.805983021,0.363227266
1,1,Transit,2017,5.817685,0.0642,12.14,,,,1098,5660,1.24,1.04,19.4493823,6.8688469,0.936168116,0.330584042,0.119597035
1,1,Transit,2017,11.391013,0.0954,10.67,,,,661,5044,0.84,0.89,127.882912,11.922255,-0.600804053,0.772241827,0.206584245
1,1,Transit,2017,20.272615,0.143,12.06,,,,619,5657,0.88,0.95,126.5535002,12.281851,-0.581942253,0.784915944,0.212720887
1,1,Transit,2017,4.655411,0.048,0.69,,0.06,78.6,,4348.35,0.67,0.69,336.1523363,-11.5793181,0.896009014,-0.396077766,-0.200724313
1,2,Transit,2017,1.2916,0.0189,2.03,,,,868,3778,0.51,0.54,133.8557342,10.4692176,-0.681310919,0.709082443,0.181707241
1,2,Transit,2017,5.444017,0.0492,2.06,,,,537,3778,0.51,0.54,133.8557342,10.4692176,-0.681310919,0.709082443,0.181707241
1,1,Transit,2017,50.92092,0.245,2.54,,0.2,4.3,,4726.29,0.73,0.76,132.1268608,15.6558964,-0.645888497,0.714145637,0.269859331
1,1,Transit,2017,7.727283,0.0698,2.53,,,,666,4740,0.71,0.76,132.0098683,16.9017663,-0.640349714,0.710934124,0.29073169
1,1,Transit,2015,8.28212,0.0802,2.33,,,,1003,5800,1.01,1.01,173.1919022,2.2446794,-0.992186852,0.118453344,0.039167025
1,1,Transit,2017,9.562742,0.078,2.01,,0.14,35.1,,4349.9,0.67,0.69,132.142853,17.1905813,-0.641006597,0.708350297,0.29555101
1,1,Transit,2017,5.185761,0.0525,7.5,,,,723,4551,0.68,0.72,126.9366624,17.5793267,-0.572868112,0.761972739,0.302025944
2,1,Transit,2017,2.219282,0.0285,1.21,,,,814,4027,0.6,0.62,126.4762179,20.3593384,-0.557350823,0.753870629,0.34790679
1,1,Transit,2017,30.951524,0.1649,2.76,,,,338,4035,0.59,0.62,134.4441404,21.4532748,-0.651700063,0.664469388,0.365742341
1,1,Transit,2017,6.413651,0.049,2.9,,,,442,3570,0.39,0.39,133.6410515,23.1329509,-0.634648151,0.665490794,0.392866043
1,1,Transit,2017,21.750264,0.121,2.18,,0.08,2,,3654.47,0.4,0.49,204.1418754,-14.9478195,-0.881656337,-0.395157498,-0.257939248
1,1,Transit,2017,7.385655,0.0656,1.97,,,,601,4339,0.65,0.69,203.5467021,-13.5769705,-0.891116994,-0.388332683,-0.234751424
1,1,Transit,2017,3.588163,0.0411,8.37,,,,809,4575,0.66,0.72,207.0782895,-11.5889878,-0.872233852,-0.445927639,-0.200889644
1,1,Transit,2017,5.675819,0.056,1.42,,0.23,68.8,,4469.51,0.78,0.71,204.4376666,-8.5970858,-0.900182485,-0.409054656,-0.149485053
1,1,Transit,2017,8.239493,0.057,1.04,,0.13,4.5,,3459.09,0.36,0.36,289.1485491,-25.6463233,0.295703045,-0.851605023,-0.432814734
1,1,Transit,2015,39.91488,0.2114,1.89,,,,511,5698,0.78,0.8,170.1554763,2.5027534,-0.984335503,0.170812104,0.043667397
1,1,Transit,2017,2.49412,0.032,1.25,,0.17,136.4,,4356.47,0.74,0.7,290.2705419,-19.6908744,0.326194267,-0.883212977,-0.336945304
1,1,Transit,2017,0.36931,0.0095,1.7,,,,2062,5245,0.75,0.84,182.751404,-9.7652392,-0.984374895,-0.047307094,-0.16961163
1,1,Transit,2017,9.1751,,14.572,155.7367,,,,4840,3.85,1.08,182.1662666,-8.7472172,-0.987662554,-0.037359828,-0.152075382
1,4,Transit,2017,3.07133,0.03194,1.34,,,,,3655,0.46,0.46,70.1493775,25.0098135,0.30772952,0.852387894,0.422773486
1,4,Transit,2017,4.86784,0.04341,1.603,,,,,3655,0.46,0.46,70.1493775,25.0098135,0.30772952,0.852387894,0.422773486
1,4,Transit,2017,11.02454,0.07487,2.003,,,,,3655,0.46,0.46,70.1493775,25.0098135,0.30772952,0.852387894,0.422773486
1,4,Transit,2019,26.5841,0.1346,1.73,,,1.8,296,3655,0.46,0.46,70.1493775,25.0098135,0.30772952,0.852387894,0.422773486
2,3,Transit,2017,7.975292,,0.99,,0.1,,553,4499,0.66,0.74,67.4128615,22.8825674,0.353861786,0.850636496,0.388843656
2,3,Transit,2017,17.307137,,2.91,,0.13,,425,4499,0.66,0.74,67.4128615,22.8825674,0.353861786,0.850636496,0.388843656
2,3,Transit,2017,25.575065,,1.45,,0.14,,373,4499,0.66,0.74,67.4128615,22.8825674,0.353861786,0.850636496,0.388843656
1,1,Transit,2017,0.179715,0.0058,0.89,158.915,0,,1471,3492,0.44,0.46,186.870426,-6.1952168,-0.987021132,-0.118925788,-0.107916361
1,6,Transit,2017,2.35309,0.03385,1.51,3.1,0.048,,,5356.3,0.86,0.94,348.9490311,-10.8497391,0.963912739,-0.188255682,-0.188233978
1,6,Transit,2017,3.56004,0.04461,2.299,6.31,0.045,,,5356.3,0.86,0.94,348.9490311,-10.8497391,0.963912739,-0.188255682,-0.188233978
1,6,Transit,2017,5.40479,0.05893,2.39,7.92,0.043,,,5356.3,0.86,0.94,348.9490311,-10.8497391,0.963912739,-0.188255682,-0.188233978
1,6,Transit,2017,8.26146,0.0782,3.39,12.97,0.077,,,5356.3,0.86,0.94,348.9490311,-10.8497391,0.963912739,-0.188255682,-0.188233978
1,6,Transit,2017,12.75758,0.10447,2.904,1.63,0.062,,,5356.3,0.86,0.94,348.9490311,-10.8497391,0.963912739,-0.188255682,-0.188233978
1,6,Transit,2021,41.96797,0.23109,3.013,4.32,0.059,,,5356.3,0.86,0.94,348.9490311,-10.8497391,0.963912739,-0.188255682,-0.188233978
1,1,Transit,2017,28.380619,0.1796,9.11,,,,524,5370,0.88,0.96,289.066707,-17.9107147,0.310837382,-0.899334538,-0.307534567
1,1,Transit,2015,8.36802,0.0627,4.81,,,,488,3789,0.45,0.47,178.0568745,2.5941222,-0.998400785,0.033872689,0.045260507
1,1,Transit,2017,6.56918,0.0687,12.25,,,,957,5705,0.99,1,188.1373172,-9.6076115,-0.976046771,-0.13956067,-0.166899731
1,2,Transit,2018,0.2803244,,1.51,5.08,0,,,4599,0.68,0.71,350.9170464,-1.1891827,0.987248138,-0.157830288,-0.020753663
1,2,Transit,2018,7.7485,,7,7.4,0,,,4599,0.68,0.71,350.9170464,-1.1891827,0.987248138,-0.157830288,-0.020753663
1,2,Transit,2018,2.6446,,2.05,5.77,0.129,,,3385,0.33,0.33,130.0266951,19.0923416,-0.607766776,0.723623271,0.32709159
1,2,Transit,2019,4.00498,,2.19,7.49,0.075,,,3385,0.33,0.33,130.0266951,19.0923416,-0.607766776,0.723623271,0.32709159
1,1,Transit,2018,0.961917,0.0159,1.38,,,200.1,,3672,0.55,0.58,293.8330329,-28.498475,0.355111165,-0.803889234,-0.477135369
2,3,Transit,2018,4.38395,0.0454,1.33,,,48.8,,4079,0.63,0.65,14.5176494,-0.193258,0.96806496,0.250676795,-0.003372982
2,3,Transit,2018,6.9226,0.0616,1.73,,,26.5,,4079,0.63,0.65,14.5176494,-0.193258,0.96806496,0.250676795,-0.003372982
2,3,Transit,2018,9.7579,0.0774,1.64,,,16.8,,4079,0.63,0.65,14.5176494,-0.193258,0.96806496,0.250676795,-0.003372982
1,1,Transit,2018,11.332,0.083,1.64,,,7,,3745,0.57,0.59,9.8217519,7.2769939,0.977406647,0.169209604,0.126666321
1,1,Transit,2015,11.8104,0.091,2.48,,,,676,5131,0.68,0.72,178.1105741,4.2546649,-0.996701964,0.032879864,0.074189684
1,1,Transit,2018,10.59357,0.0727,2,,,4.9,,3499,0.44,0.46,18.3443908,8.9874328,0.937528464,0.310863912,0.156217823
2,1,Transit,2018,3.835476,0.0373,1.49,,,,566,3695,0.45,0.47,19.3047733,9.5012663,0.930826686,0.326057929,0.165069404
1,1,Transit,2018,32.6479,0.1716,2.29,,,,337,4044,0.61,0.63,181.6324078,-5.8274311,-0.994428472,-0.028339822,-0.101532598
1,1,Transit,2018,7.51574,0.0614,2,,,,497,3845,0.53,0.55,183.8088709,2.0208765,-0.997170614,-0.06638707,0.035263636
1,2,Transit,2018,3.67626,0.0405,1.99,,,,715,4097,0.63,0.65,189.0015173,-2.6696217,-0.986612274,-0.156290816,-0.046576831
1,2,Transit,2018,7.95486,0.0677,2.07,,,,552,4097,0.63,0.65,189.0015173,-2.6696217,-0.986612274,-0.156290816,-0.046576831
1,3,Transit,2018,6.342,0.0562,1.8,,,,708,4258,0.58,0.65,65.469614,21.3532633,0.386675256,0.847290338,0.364117192
1,3,Transit,2018,13.85,0.0946,2.6,,,,583,4258,0.58,0.65,65.469614,21.3532633,0.386675256,0.847290338,0.364117192
1,3,Transit,2018,40.718,0.1937,1.9,,,,381,4258,0.58,0.65,65.469614,21.3532633,0.386675256,0.847290338,0.364117192
1,1,Transit,2018,0.81314,0.0149,1.15,,,,1347,4597,0.66,0.66,182.699673,-6.2943552,-0.992868596,-0.046816815,-0.109636385
1,1,Transit,2018,0.365257,,1.055,,,,,5456,0.88,0.94,183.7514959,-5.7820178,-0.992780493,-0.065096303,-0.10074405
1,2,Transit,2018,10.06049,0.0887,2.64,,,,794,5503,0.95,0.92,179.9397081,-5.7216879,-0.995017353,0.001047049,-0.099696396
1,2,Transit,2018,5.90279,0.0622,1.28,,,,948,5503,0.95,0.92,179.9397081,-5.7216879,-0.995017353,0.001047049,-0.099696396
1,1,Transit,2018,12.42205,0.1013,2.26,,,,684,5425,0.83,0.9,180.5408896,-3.5809053,-0.998003127,-0.009421733,-0.062457908
1,3,Transit,2015,7.6188,0.0667,2.02,,,44.5,658,4742,0.66,0.68,175.0972238,4.5574311,-0.993190913,0.085194975,0.079458328
1,3,Transit,2015,19.07863,0.1229,2.54,,,13.1,485,4742,0.66,0.68,175.0972238,4.5574311,-0.993190913,0.085194975,0.079458328
1,1,Transit,2018,3.705871,,3.178,,,,,5649,0.91,0.98,184.0545174,-3.5530888,-0.99557984,-0.070569722,-0.061973359
1,1,Transit,2018,9.283188,,6.117,,,,,4972,2.57,0.99,183.7938491,-3.4956913,-0.995952041,-0.066043672,-0.060973479
1,1,Transit,2018,9.45889,0.0795,1.44,,,,631,4842,0.69,0.75,186.0383865,-1.111479,-0.994264531,-0.105174948,-0.019397751
1,1,Transit,2018,6.673117,,2.466,,,,,4937,0.76,0.83,182.3292517,-0.5393421,-0.999129508,-0.040640114,-0.009413156
1,1,Transit,2018,17.355066,,3.249,,,,,5791,2.2,1.18,171.933659,-0.0628488,-0.990105665,0.140319524,-0.001096918
1,3,Transit,2018,2.354992,,1.274,,,,,5185,0.8,0.83,184.9004881,0.968327,-0.996202281,-0.085413211,0.01689969
1,3,Transit,2018,4.382745,,1.554,,,,,5185,0.8,0.83,184.9004881,0.968327,-0.996202281,-0.085413211,0.01689969
1,3,Transit,2018,14.101361,,2.648,,,,,5185,0.8,0.83,184.9004881,0.968327,-0.996202281,-0.085413211,0.01689969
1,2,Transit,2018,8.52695,0.0858,2.19,,,,1140,5960,1.61,1.16,185.1880932,2.2823788,-0.995113152,-0.090353885,0.03982449
1,1,Transit,2018,9.977481,,2.819,,,,,5908,1.83,1.02,336.5761233,-18.011665,0.872621292,-0.378048773,-0.309210616
1,2,Transit,2018,15.8523,,1.86,,,,766,5502.7,0.83,0.88,333.1100738,-16.3418863,0.855845099,-0.434005812,-0.281368303
1,1,Transit,2018,6.380803,,1.273,,,,,5548,0.92,0.99,337.0442461,-14.5993376,0.891075401,-0.377427223,-0.25205817
1,1,Transit,2015,17.96753,0.119,2.23,,,,487,4320,0.66,0.71,178.3296746,6.4123178,-0.993321681,0.028966193,0.111682576
1,2,Transit,2018,7.576544,,1.418,,,,,5748,0.98,0.96,335.4506923,-14.5933554,0.880258771,-0.402072257,-0.251957131
1,2,Transit,2018,12.400047,,1.802,,,,,5748,0.98,0.96,335.4506923,-14.5933554,0.880258771,-0.402072257,-0.251957131
1,1,Transit,2018,5.628466,,2.687,,,,,5250,1.72,0.89,332.3407712,-13.4288624,0.861507606,-0.451519878,-0.232237904
1,2,Transit,2018,14.316941,,1.666,,,,,5569,0.87,0.93,335.3081368,-12.5569819,0.886834822,-0.407745868,-0.217410454
1,2,Transit,2018,29.62682,,3.206,,,,,5569,0.87,0.93,335.3081368,-12.5569819,0.886834822,-0.407745868,-0.217410454
1,1,Transit,2018,5.868699,,1.608,,,,,5580,0.84,0.88,60.3752402,15.6251296,0.476049825,0.837156692,0.269342232
1,1,Transit,2018,19.562307,0.126,2.6,,,,455,4455,0.68,0.7,60.7929729,16.347166,0.468240135,0.837575839,0.281456727
1,1,Transit,2018,9.525988,,2.038,,,,,5909,1.42,1.09,52.5035514,17.5841081,0.580269867,0.756319476,0.302105496
1,1,Transit,2018,5.329439,,1.491,,,,,5428,0.86,0.94,58.2691796,17.9069486,0.500451715,0.809326286,0.307472021
1,1,Transit,2018,14.155185,,2.116,,,,,6063,1.21,1.21,55.2296156,20.7360891,0.533346408,0.768231933,0.354063985
1,1,Transit,2018,8.747818,,3.558,,,,,5525,0.89,0.95,52.8888524,22.4348186,0.557697185,0.737109727,0.381632152
1,1,Transit,2018,5.172191,,2.513,,,,,5015,0.77,0.82,58.7967878,23.7567524,0.474175368,0.782857539,0.402854558
1,2,Transit,2015,32.939623,0.1429,2.37,8.92,0.2,,284,3457,0.41,0.36,172.560141,7.5878315,-0.982898647,0.128351617,0.132045873
1,2,Radial Velocity,2017,8.962,0.06,,7.51,0.47,,363,3457,0.41,0.36,172.560141,7.5878315,-0.982898647,0.128351617,0.132045873
1,1,Transit,2018,8.867209,0.0753,2.31,,,,731,5358,0.72,0.72,126.4643579,10.246577,-0.584843958,0.791400378,0.177884756
1,1,Transit,2018,6.894256,0.0706,2.84,,,,962,5608,1.07,0.99,127.5541103,10.9101444,-0.598493635,0.778448779,0.189269299
1,1,Transit,2018,4.736837,0.0529,2.76,,,,885,5165,0.8,0.88,130.180046,10.9829509,-0.633374263,0.750026904,0.190516891
1,3,Transit,2018,0.469269,,2.599,,,,,5482,0.87,0.94,125.007177,14.0194586,-0.556591155,0.794682666,0.24225141
1,3,Transit,2018,10.792635,0.0932,2.87,,,,787,5519,0.97,0.93,125.007177,14.0194586,-0.556591155,0.794682666,0.24225141
1,3,Transit,2018,22.631964,0.1527,2.86,,,,615,5519,0.97,0.93,125.007177,14.0194586,-0.556591155,0.794682666,0.24225141
1,1,Transit,2018,16.995731,0.1229,1.55,,,,580,5220,0.78,0.86,129.1405227,14.4618826,-0.611223531,0.751024496,0.249735865
1,1,Transit,2018,10.616646,,1.313,,,,,5722,0.91,0.98,130.2596625,14.6902225,-0.625127357,0.738177783,0.253592877
1,1,Transit,2018,41.474219,,3.172,,,,,5784,0.98,1.02,135.3350487,18.8252879,-0.673183765,0.665356291,0.322683474
1,4,Transit,2018,0.77392,0.0164,1.3,,,,1815,5484,0.92,0.98,132.5235618,23.1924709,-0.62127244,0.677440387,0.393821125
1,4,Transit,2018,2.872042,0.0392,1.8,,,,1173,5484,0.92,0.98,132.5235618,23.1924709,-0.62127244,0.677440387,0.393821125
1,4,Transit,2018,7.14921,0.072,3.17,,,,865,5484,0.92,0.98,132.5235618,23.1924709,-0.62127244,0.677440387,0.393821125
1,4,Transit,2018,13.609878,0.1106,2.38,,,,698,5484,0.92,0.98,132.5235618,23.1924709,-0.62127244,0.677440387,0.393821125
1,2,Transit,2018,1.742169,0.0289,1.35,,,,1692,5977,1.19,1.06,129.8137008,23.3574367,-0.587820969,0.705181687,0.396466009
1,2,Transit,2018,7.810253,0.0785,2.83,,,,1026,5977,1.19,1.06,129.8137008,23.3574367,-0.587820969,0.705181687,0.396466009
1,2,Transit,2018,2.588309,0.0361,1.52,,,,1197,5519,0.87,0.94,203.6214411,-15.0365158,-0.884842342,-0.386972504,-0.259434597
1,2,Transit,2018,6.679195,0.068,2.5,,,,872,5519,0.87,0.94,203.6214411,-15.0365158,-0.884842342,-0.386972504,-0.259434597
1,3,Transit,2015,7.9194,0.074,7.74,,,125.9,854,5430,0.86,0.93,174.9602543,0.603596,-0.996078724,0.087841901,0.010534543
1,3,Transit,2015,11.90715,0.0971,4.86,,,73.1,745,5430,0.86,0.93,174.9602543,0.603596,-0.996078724,0.087841901,0.010534543
1,3,Transit,2016,2.50856,0.0344,1.14,,,583.5,1252,5430,0.86,0.93,174.9602543,0.603596,-0.996078724,0.087841901,0.010534543
1,2,Transit,2018,10.098858,,1.357,,,,,5631,0.91,0.9,205.3630485,-13.1608686,-0.879878042,-0.417101626,-0.22768589
1,2,Transit,2018,21.574023,,1.093,,,,,5631,0.91,0.9,205.3630485,-13.1608686,-0.879878042,-0.417101626,-0.22768589
1,1,Transit,2018,2.858646,,1.579,,,,,5176,0.84,0.9,201.6391407,-12.8066737,-0.906401506,-0.359586195,-0.22166208
1,1,Transit,2018,4.162817,0.049,1.52,,,,939,5222,0.81,0.9,206.5823122,-11.5563527,-0.876163455,-0.43841172,-0.200331633
1,1,Transit,2018,14.786889,0.1184,3.95,,,,739,5817,0.98,1.01,205.2371043,-11.0093342,-0.887903849,-0.418518373,-0.190968912
1,1,Transit,2018,39.721386,,3.642,,,,,5979,1.28,1.11,204.6089755,-8.9271609,-0.898157568,-0.411378843,-0.155178708
1,2,Transit,2018,15.852975,0.1208,3.13,,,,720,5713,0.99,0.94,199.8315191,-8.5095364,-0.930338413,-0.33552068,-0.147974022
1,2,Transit,2018,28.482786,,2.576,,,,,5712,0.91,0.96,199.8315191,-8.5095364,-0.930338413,-0.33552068,-0.147974022
1,1,Transit,2018,48.324222,,3.6,,,,,6045,1.54,1.16,200.4562487,-8.4717104,-0.926716132,-0.345678628,-0.14732107
1,1,Transit,2018,8.357881,0.0806,2.56,,,,848,5667,0.93,1,202.3934779,-7.3739779,-0.91694264,-0.37781438,-0.128345195
1,3,Transit,2018,17.0428683,,4.189,,,,716,5212.9,0.76,0.8,198.8436817,-6.4649888,-0.940384967,-0.32093339,-0.11259606
1,3,Transit,2019,3.3596055,,1.423,,,,1230,5212.9,0.76,0.8,198.8436817,-6.4649888,-0.940384967,-0.32093339,-0.11259606
1,3,Transit,2019,7.4500177,,2.438,,,,943,5212.9,0.76,0.8,198.8436817,-6.4649888,-0.940384967,-0.32093339,-0.11259606
1,2,Transit,2018,3.225338,0.0385,1.87,,,,861,4648,0.68,0.73,208.9014508,-6.1360833,-0.87043667,-0.480535614,-0.106890257
1,2,Transit,2018,7.374694,0.0668,2.78,,,,653,4648,0.68,0.73,208.9014508,-6.1360833,-0.87043667,-0.480535614,-0.106890257
1,1,Transit,2018,2.849883,,1.364,,,,,5233,0.79,0.86,202.251206,-4.6100532,-0.922538243,-0.377443028,-0.080373819
1,2,Transit,2018,1.05979,,1.4,,,,,5507,0.88,0.96,293.5607117,-23.1312775,0.367585917,-0.842946006,-0.392839184
1,2,Transit,2018,22.779878,,3.286,,,,,5507,0.88,0.96,293.5607117,-23.1312775,0.367585917,-0.842946006,-0.392839184
1,1,Transit,2018,3.405164,,2.302,,,,,5491,0.91,0.97,283.2643203,-22.4070553,0.212120464,-0.899835262,-0.38118422
1,1,Transit,2018,9.695101,,1.371,,,,,5000,0.76,0.79,12.7736909,-1.1958844,0.975038558,0.221052546,-0.020870605
1,1,Transit,2018,7.055784,,3.046,,,,,5755,1.18,1.01,17.3825067,-0.5177539,0.954292621,0.298737236,-0.009036387
1,1,Transit,2018,26.672263,,1.996,,,,,5890,1.08,0.95,15.2175909,0.425966,0.964909285,0.262478191,0.007434441
1,1,Transit,2018,18.294549,,2.795,,,,,5043,0.76,0.79,11.2564264,0.5931866,0.980710831,0.195189866,0.010352874
1,1,Transit,2018,12.48749,,2.606,,,,,5522,0.93,0.94,11.6996481,0.6406182,0.979162849,0.202768606,0.011180664
1,1,Transit,2018,4.190948,,1.679,,,,,5582,0.86,0.93,20.7789809,0.8890076,0.934843342,0.354721292,0.015515487
1,1,Transit,2018,2.080615,,0.869,,,,,4720,0.71,0.74,14.6903464,1.382807,0.96702879,0.253521116,0.024132192
1,2,Transit,2015,9.325038,0.076,1.84,,0.1,10,,4222.06,0.65,0.68,340.3037846,-14.4893256,0.911547943,-0.326313487,-0.25019963
1,2,Transit,2015,15.50192,0.107,2.49,,0.21,5.1,,4222.06,0.65,0.68,340.3037846,-14.4893256,0.911547943,-0.326313487,-0.25019963
1,1,Transit,2018,0.570233,,0.819,,,,,5396,0.85,0.91,17.6412694,1.5784137,0.952611035,0.302941392,0.027545032
1,1,Transit,2018,0.669558,,1.375,,,,,5221,0.82,0.88,21.1061587,1.7049101,0.932501845,0.359937679,0.029751904
1,1,Transit,2018,9.79551,0.0785,2.52,,,,542,4272,0.65,0.67,18.4241015,3.0970732,0.947357445,0.315586544,0.054027805
1,1,Transit,2018,8.13087,,1.514,,,,,5794,1.2,1.07,13.1403998,3.5077702,0.971991477,0.226912095,0.061183902
1,1,Transit,2018,8.596802,0.0834,2.43,,,,1006,5854,1.27,1.05,14.8759777,4.2277722,0.963853865,0.256029008,0.073721603
1,1,Transit,2018,8.269648,,2.124,,,,,5704,0.97,1,18.4700795,6.1238647,0.943076764,0.315001546,0.106678221
1,1,Transit,2018,2.1748,0.028,1.75,8,0,248,1103,4503,0.72,0.7,11.4802354,6.3470302,0.973986596,0.197809946,0.110550149
1,1,Transit,2018,14.074524,,3.579,,,,,5967,1.33,1.1,11.2983678,6.4815879,0.974352294,0.194665936,0.112883922
1,1,Transit,2018,8.679885,,2.569,,,,,5757,1.01,1.05,12.809613,6.8464327,0.968158866,0.220131125,0.119208632
1,3,Transit,2018,3.901287,,1.348,,,,,5753,1.19,1.02,12.8452963,8.8675474,0.963320365,0.219662043,0.154150776
1,3,Transit,2018,6.66767,,1.438,,,,,5753,1.19,1.02,12.8452963,8.8675474,0.963320365,0.219662043,0.154150776
1,3,Transit,2018,11.137278,,2.576,,,,,5753,1.19,1.02,12.8452963,8.8675474,0.963320365,0.219662043,0.154150776
2,1,Transit,2015,0.381078,0.0088,2.5,444.962,,,2100,3830,0.57,0.6,169.4827046,2.6190363,-0.982172845,0.182341659,0.04569489
1,1,Transit,2018,13.683256,0.1104,2.39,,,,758,5660,1.02,0.96,12.7700071,9.5167694,0.961842868,0.217995911,0.165336266
1,1,Transit,2018,2.399094,,1.679,,,,,5716,0.95,1.01,16.6550286,10.1897385,0.942936756,0.282088048,0.176908471
1,1,Transit,2018,15.387063,0.1211,2.39,,,,801,6058,1.09,1,16.4625203,11.7537171,0.938897142,0.27744607,0.203705267
1,2,Transit,2018,0.50565,0.0127,0.89,,,,2271,5835,0.99,1.06,185.306183,-10.2820915,-0.979724419,-0.090992923,-0.178494681
1,2,Transit,2018,4.56327,0.0549,1.57,,,,1091,5835,0.99,1.06,185.306183,-10.2820915,-0.979724419,-0.090992923,-0.178494681
1,2,Transit,2018,4.47904,0.0516,1.56,,,,1002,5620,0.84,0.91,189.7041426,-10.0605942,-0.970534859,-0.165968784,-0.174689582
1,2,Transit,2018,10.09489,0.0886,2.41,,,,764,5620,0.84,0.91,189.7041426,-10.0605942,-0.970534859,-0.165968784,-0.174689582
1,1,Transit,2018,15.87209,0.134,3.49,,,,902,5742,1.7,1.27,186.5410958,-9.6248232,-0.979505728,-0.112312317,-0.16719591
1,1,Transit,2018,3.27108,0.0413,1.54,,,,1120,5424,0.91,0.88,183.6456643,-9.5626286,-0.98410909,-0.062702368,-0.166125591
1,1,Transit,2018,13.621832,,1.666,,,,,5673,0.89,0.95,190.9484237,-8.4784159,-0.971068937,-0.187849678,-0.147436825
1,1,Transit,2018,2.69828,0.0338,1.21,,,,914,4715,0.65,0.71,187.2947047,-6.8342028,-0.984858341,-0.12607075,-0.118996699
1,2,Transit,2018,0.58426,0.0131,1.14,,,,1818,5315,0.79,0.87,186.8729195,-6.7218474,-0.985989499,-0.11884502,-0.117049434
1,2,Transit,2018,8.32727,0.0769,2.03,,,,750,5315,0.79,0.87,186.8729195,-6.7218474,-0.985989499,-0.11884502,-0.117049434
1,1,Transit,2018,2.86041,0.0409,1.96,,,,1529,5945,1.39,1.11,191.363117,-6.576051,-0.973947896,-0.195729979,-0.114521922
1,1,Transit,2018,13.841901,,2.5,,,,,5695,0.95,1.01,289.0918242,-15.7712178,0.314769901,-0.909420905,-0.271796848
1,1,Transit,2018,11.168454,0.10356,11.209,126.49634,0.258,,1030,6154,1.16,1.19,73.7667927,18.654323,0.264861749,0.909691853,0.319857759
1,3,Transit,2018,2.46746,0.03317,1.398,,0,273,1040,4950,0.74,0.8,230.4799011,-20.2317975,-0.59708693,-0.723806901,-0.345818982
1,3,Transit,2018,7.06142,0.06687,1.335,,0,67.1,728,4950,0.74,0.8,230.4799011,-20.2317975,-0.59708693,-0.723806901,-0.345818982
1,3,Transit,2018,24.3662,0.1527,2.64,,0,12.9,482,4950,0.74,0.8,230.4799011,-20.2317975,-0.59708693,-0.723806901,-0.345818982
1,1,Transit,2018,2.1805577,0.0353,18.405,392.83788,0,,1838,6099,1.38,1.23,253.7688479,-28.7105836,-0.245149117,-0.842099559,-0.480385515
1,1,Transit,2018,3.20466,0.046,14.572,273.3338,0,,1587,5630,1.59,1.19,347.7043164,-7.8575592,0.96788799,-0.210957329,-0.136710807
1,3,Transit,2018,5.24,0.0441,1.1,,,,502,3420,0.36,0.4,160.5941265,4.4413751,-0.940356293,0.331260082,0.077439011
1,3,Transit,2018,7.775,0.0576,1,,,,427,3420,0.36,0.4,160.5941265,4.4413751,-0.940356293,0.331260082,0.077439011
1,3,Transit,2018,10.115,0.0685,1.1,,,,399,3420,0.36,0.4,160.5941265,4.4413751,-0.940356293,0.331260082,0.077439011
1,2,Transit,2016,20.88977,,5.4,19,0.06,,,5625,1.16,1.07,242.5734559,-24.9906029,-0.417487297,-0.804502196,-0.422469612
1,2,Transit,2016,42.3391,,7.5,15.4,0.07,,,5625,1.16,1.07,242.5734559,-24.9906029,-0.417487297,-0.804502196,-0.422469612
1,2,Transit,2018,6.034,0.0513,2,,,,586,3810,0.54,0.58,227.849371,-17.8754464,-0.638686207,-0.705593628,-0.306948792
1,2,Transit,2018,20.523,0.1159,1.8,,,,389,3810,0.54,0.58,227.849371,-17.8754464,-0.638686207,-0.705593628,-0.306948792
1,1,Transit,2018,26.8199,0.1567,2.55,,,,507,5262,0.75,0.71,181.2386829,-6.8052985,-0.992722517,-0.021465107,-0.118495794
1,1,Transit,2018,6.51389,0.0494,2.54,,,,416,3459,0.37,0.38,179.8358421,-6.5178542,-0.993532454,0.002846573,-0.11351282
1,2,Transit,2018,11.54182,0.1087,2.17,,,,1035,6570,1.39,1.29,181.1211419,-4.8991358,-0.996155844,-0.019494885,-0.085401895
1,2,Transit,2018,24.94598,0.1817,2.01,,,,801,6570,1.39,1.29,181.1211419,-4.8991358,-0.996155844,-0.019494885,-0.085401895
1,1,Transit,2018,21.06884,0.1418,1.75,,,,638,5677,0.92,0.86,183.4686492,-3.8318097,-0.995936669,-0.060367124,-0.066827854
1,1,Transit,2018,11.89307,0.0959,4.34,,,,923,5793,1.25,0.83,185.181563,-1.5909138,-0.995529617,-0.090277301,-0.027763116
1,1,Transit,2018,5.76918,0.0602,3.49,,,,977,5610,0.94,0.87,181.6296115,-1.1606,-0.999390482,-0.028432417,-0.020254906
1,2,Transit,2018,2.25021,0.0304,2.12,,,,979,4667,0.69,0.74,188.8935189,-10.0692793,-0.97275961,-0.152217358,-0.174838833
1,2,Transit,2018,6.49424,0.0615,2.19,,,,688,4667,0.69,0.74,188.8935189,-10.0692793,-0.97275961,-0.152217358,-0.174838833
1,1,Transit,2018,7.17256,0.0699,2.57,,,,886,5528,0.92,0.88,182.8173343,-9.4141696,-0.985339331,-0.048489956,-0.163569943
1,1,Transit,2018,12.409,0.1151,2.79,,,,1061,6504,1.57,1.32,183.3667344,-8.9952309,-0.985996677,-0.058004532,-0.156352253
1,1,Transit,2015,3.484552,,3.43,,0.27,,,3180,0.29,0.29,63.2739346,15.2477027,0.43389408,0.861725511,0.262992531
1,1,Transit,2018,4.01457,0.0459,2.44,,,,958,5172,0.81,0.8,185.0315429,-8.9757427,-0.983948234,-0.086630179,-0.156016294
1,1,Transit,2018,9.30075,0.0694,2.35,,,,437,3717,0.49,0.52,190.6892403,-8.5359826,-0.971762703,-0.183427471,-0.148430499
1,1,Transit,2018,13.81513,0.1041,1.74,,,,639,5152,0.82,0.79,182.3663818,-8.3096141,-0.988657734,-0.040855938,-0.144522239
1,1,Transit,2018,4.00167,0.0506,12.67,,,,1238,6027,1.1,1.08,186.0853062,-6.3789537,-0.988208848,-0.105352741,-0.111103887
1,2,Transit,2018,4.09639,0.0448,1.63,,,,791,4629,0.67,0.71,185.5507926,-4.7172908,-0.991939338,-0.096400476,-0.082239272
1,2,Transit,2018,12.11839,0.0923,2.19,,,,551,4629,0.67,0.71,185.5507926,-4.7172908,-0.991939338,-0.096400476,-0.082239272
1,1,Transit,2018,1.96417,0.0274,2.9,,,,1034,4676,0.69,0.71,189.9128532,-3.3705631,-0.983366724,-0.171852295,-0.058793499
1,1,Transit,2018,5.52011,0.0578,2.63,,,,845,5219,0.78,0.84,186.2270991,-2.0660477,-0.993453541,-0.108399033,-0.036051521
1,1,Transit,2018,1.60588,0.0216,0.83,,,,789,3725,0.5,0.52,188.278284,-1.9532879,-0.989005433,-0.143897484,-0.034084702
1,1,Transit,2018,19.0921,0.149,3,,,,831,6351,1.31,1.21,187.6314027,-1.1609171,-0.990939459,-0.132772377,-0.020260439
1,1,Transit,2018,15.48043,0.1271,2.32,,,,795,6059,1.13,1.14,186.8026947,1.5668631,-0.992588667,-0.11840638,0.027343512
1,1,Transit,2016,14.5665,0.0962,2.67,,,5.8,430,3785,0.52,0.56,94.2064312,24.5958335,-0.066694817,0.906817042,0.416214672
1,1,Transit,2018,2.6266657,0.0404,17.396,451.3186,0,,1957,6367,1.69,1.39,76.8673317,16.8676948,0.217431569,0.931949108,0.290162665
1,1,Transit,2018,11.63344,0.102,9.528,70.87609,0.39,,1080,5537,1.65,1.1,163.0323119,0.493167,-0.956434056,0.291821541,0.008607282
1,1,Transit,2018,50.818947,0.2573,2.41,14.8,0.14,,470,5368,0.85,0.88,129.6821253,15.6806039,-0.614763857,0.740956865,0.270274534
1,2,Transit,2018,5.840002,0.05023,2.231,,,,496,3660,0.47,0.5,131.3583524,19.698401,-0.62209836,0.706666916,0.337068984
1,2,Transit,2018,19.660302,0.11283,2.668,,,,331,3660,0.47,0.5,131.3583524,19.698401,-0.62209836,0.706666916,0.337068984
2,1,Transit,2018,2.369172,0.03376,1.71,6.54,0.084,,,5477,0.98,0.92,342.0316493,-14.4947789,0.92094994,-0.29867245,-0.25029178
2,4,Transit,2018,0.658524,0.01306,3.3,11.26782,,879.5,1515,4285,0.7,0.69,157.9356855,0.9372782,-0.926638775,0.37559686,0.016357861
2,4,Transit,2018,7.814,0.0679,0.705,0.29013,0.042,32.4,664,4285,0.7,0.69,157.9356855,0.9372782,-0.926638775,0.37559686,0.016357861
2,4,Transit,2018,14.697,0.1035,2.93,8.9,0.047,13.95,538,4285,0.7,0.69,157.9356855,0.9372782,-0.926638775,0.37559686,0.016357861
2,4,Transit,2018,19.482,0.1249,2.73,14.3,0.043,9.58,490,4285,0.7,0.69,157.9356855,0.9372782,-0.926638775,0.37559686,0.016357861
1,2,Transit,2018,2.151894,0.0308,1.41,,,,1121,5068,0.78,0.84,133.7094899,11.8482712,-0.676280177,0.707452151,0.205320667
1,2,Transit,2018,9.326841,0.0819,2.69,,,,688,5068,0.78,0.84,133.7094899,11.8482712,-0.676280177,0.707452151,0.205320667
1,1,Transit,2018,4.144965,0.0531,1.57,,,,1429,6209,1.45,1.16,130.1551381,13.0146799,-0.628294554,0.744668115,0.225200693
3,1,Transit,2016,6.771315,0.06702,4.48,30.9,0.251,116,902,5248,0.89,0.87,171.5151874,1.2306237,-0.98882688,0.147513215,0.021476784
1,2,Transit,2018,1.543069,0.0247,1.38,,,,1203,4877,0.77,0.85,131.2665588,13.5497322,-0.641205405,0.730728513,0.234289284
1,2,Transit,2018,4.400028,0.0497,2.95,,,,848,4877,0.77,0.85,131.2665588,13.5497322,-0.641205405,0.730728513,0.234289284
1,1,Transit,2018,8.562421,0.077,7.28,,,,893,5644,0.99,0.83,125.2239144,16.0907958,-0.55417748,0.78490094,0.277160307
1,1,Transit,2018,14.453533,0.1081,2.91,,,,655,5419,0.81,0.81,132.6211743,17.5423852,-0.645656676,0.70162577,0.30141124
1,1,Transit,2018,11.716332,0.0974,4.42,,,,672,5200,0.84,0.9,129.7768928,19.0100046,-0.604906216,0.726626672,0.32573325
1,1,Transit,2018,14.129714,0.1064,2.2,,,,589,5065,0.74,0.81,129.2823699,20.3992512,-0.593436161,0.725492653,0.348559798
1,2,Transit,2018,3.280961,0.04,2.24,,,,905,4812,0.73,0.79,132.1698795,20.4550162,-0.629001519,0.694425299,0.349471878
1,2,Transit,2018,8.438756,0.075,2.34,,,,660,4812,0.73,0.79,132.1698795,20.4550162,-0.629001519,0.694425299,0.349471878
1,1,Transit,2018,18.718269,0.1291,3.77,,,,583,5139,0.85,0.82,125.9528309,22.6339399,-0.541900534,0.747154834,0.384842131
1,1,Transit,2018,6.326763,0.0675,2.07,,,,958,5741,0.97,1.02,202.0161895,-15.9379749,-0.891440648,-0.360458437,-0.274596588
1,1,Transit,2018,3.334966,0.0488,2.98,,,,1711,6747,1.61,1.4,203.3018653,-14.5041057,-0.889162749,-0.382968295,-0.250449379
1,1,Transit,2018,7.122605,0.067,1.21,,,,879,5558,0.86,0.79,204.7792935,-6.0417592,-0.902885868,-0.416795941,-0.105253278
1,1,Transit,2016,2.260455,0.0214,2.32,,0,,568,3214,0.29,0.26,335.6233145,-7.9563525,0.902083645,-0.408760768,-0.138418682
1,1,Transit,2018,19.895202,0.1488,7.67,,,,744,5742,1.28,1.11,291.5953596,-22.2477071,0.340650064,-0.860587478,-0.378611578
1,1,Transit,2018,8.687721,0.0773,8.18,,,,665,4812,0.76,0.82,16.2274724,7.2692169,0.952442583,0.277205446,0.126531679
1,2,Transit,2018,4.169836,0.0499,2.82,,,,1057,5523,0.94,0.95,13.4321524,7.9952914,0.963191077,0.230035744,0.13909172
1,1,Transit,2018,1.921036,0.0291,3.52,,,,1186,5060,0.82,0.89,13.1943679,9.6929181,0.959702492,0.224996662,0.168367543
1,1,Transit,2018,4.795069,0.04771,2.78,,0.078,42.6,653,4140,0.61,0.63,79.1407971,20.2549034,0.176746099,0.921362151,0.346197347
1,4,Transit,2018,3.471745,0.03817,2.59,9.68,0,234.31,1089,4975,0.79,0.83,349.3843458,1.3001522,0.982632009,-0.184172471,0.022689989
1,4,Transit,2018,7.138048,0.0824,3.53,15.68,0,50.35,741,4975,0.79,0.83,349.3843458,1.3001522,0.982632009,-0.184172471,0.022689989
1,4,Transit,2018,10.45582,0.1178,2.48,6.5,0,24.61,620,4975,0.79,0.83,349.3843458,1.3001522,0.982632009,-0.184172471,0.022689989
1,4,Transit,2018,14.76289,0.18041,1.95,10.7,0,10.5,501,4975,0.79,0.83,349.3843458,1.3001522,0.982632009,-0.184172471,0.022689989
1,1,Transit,2018,27.359,0.1768,2.1,,,,347,3926,0.62,0.64,233.3698192,-16.7737113,-0.571261521,-0.768358399,-0.288592525
1,1,Transit,2018,14.893291,0.1206,9.494,100.11645,0.478,,804,5695,1.07,1.06,233.0743401,-22.3583447,-0.555613495,-0.739317876,-0.38039811
2,1,Transit,2018,31.393463,0.164,1.9,,,,226,3341,0.32,0.33,55.4442857,18.2684913,0.538618968,0.782065205,0.31347029
1,1,Transit,2019,13.156969,0.107,9.1,,,,753,5529,1.02,0.95,246.6429443,-15.7925384,-0.381494908,-0.883398736,-0.272154936
2,1,Transit,2016,3.2588321,0.04217,13.339,232.0159,0.066,,1171,5358,0.86,0.94,62.670422,24.4016558,0.41809688,0.809022858,0.413130748
3,2,Transit,2019,9.21165,0.0923,3.06,10.9,0,,1230,6302,1.51,1.19,234.8578846,-20.1988975,-0.540206489,-0.767436365,-0.34528014
3,2,Transit,2019,48.36685,0.305,11.276,246.00042,0,,676,6302,1.51,1.19,234.8578846,-20.1988975,-0.540206489,-0.767436365,-0.34528014
1,1,Transit,2019,2.225177,0.03261,1.589,6.49,0,633,,5520,0.9,0.93,76.44594,21.548199,0.217982853,0.904204673,0.367283793
1,1,Transit,2019,16.9841,0.13,2.63,24.5,0.04,67,795,5725,1.09,1,205.3758786,-9.9460704,-0.889936641,-0.422113942,-0.172721151
1,1,Transit,2019,13.1225,,2.45,,,,750,5532,0.95,0.96,351.6064952,-6.0279068,0.983818975,-0.145163788,-0.105012848
1,1,Transit,2019,2.50387,,1.66,,,,1425,5612,1.2,0.99,352.0516724,-7.6037856,0.981684454,-0.137064044,-0.132321881
1,1,Transit,2018,4.024867,0.0451,10.054,106.47305,0,,852,4444,0.7,0.74,19.6101417,6.8167277,0.93533898,0.333245794,0.118693863
1,3,Transit,2015,10.054626,,,6.48,0,,,3896,0.56,0.6,172.3353708,-1.4551364,-0.990746122,0.133331378,-0.025394191
1,3,Transit,2015,24.646582,,,2.14,0,,,3896,0.56,0.6,172.3353708,-1.4551364,-0.990746122,0.133331378,-0.025394191
1,3,Transit,2015,44.55646,,,2.8,0,,,3896,0.56,0.6,172.3353708,-1.4551364,-0.990746122,0.133331378,-0.025394191
1,1,Transit,2016,4.098503,0.04839,11.646,184.02357,0,,1092,5425,0.84,0.9,52.3420548,22.2993491,0.565255923,0.732466205,0.379445649
1,1,Transit,2019,3.38628,,9.916,,,,,6100,1.24,1.09,78.3391194,16.4141986,0.193881119,0.939446177,0.282579178
2,1,Transit,2016,1.25785,0.022,11.882,563.83042,0,,,5280,0.78,0.91,245.4405531,-23.548273,-0.38102446,-0.833788268,-0.399521571
1,1,Transit,2020,3.1443189,,0.95,,,7.45,460,3300,0.2,0.17,228.0210932,-20.1081634,-0.628086985,-0.698077915,-0.343793492
1,2,Transit,2020,1.133,0.0147,1.33,,,,841,3436,0.38,0.41,233.6247336,-23.2594663,-0.544870077,-0.739712122,-0.394895652
1,2,Transit,2020,5.26,0.0582,1.83,,,,423,3436,0.38,0.41,233.6247336,-23.2594663,-0.544870077,-0.739712122,-0.394895652
1,1,Transit,2020,6.22,0.0542,2.93,,,,432,3387,0.38,0.4,228.6188638,-21.0227209,-0.617063226,-0.700385554,-0.358738137
1,1,Transit,2020,7.01,0.0911,1.66,,,,456,3851,0.55,0.56,232.4461375,-17.557463,-0.581113023,-0.755848928,-0.301662149
1,1,Transit,2020,26.68,0.1516,2.79,,,,641,5440,0.9,0.95,166.8010058,3.0399357,-0.972212899,0.228012471,0.053031998
2,4,Transit,2016,8.991828,0.08035,4.96,,,,,,0.84,0.86,252.426008,-19.5430504,-0.284542706,-0.898407,-0.334515039
2,4,Transit,2016,20.66186,0.1399,2.74,,,,,,0.84,0.86,252.426008,-19.5430504,-0.284542706,-0.898407,-0.334515039
2,4,Transit,2016,31.7142,0.1862,3.27,,,,,,0.84,0.86,252.426008,-19.5430504,-0.284542706,-0.898407,-0.334515039
2,4,Transit,2019,4.34882,0.04951,1.01,,,,,,0.84,0.86,252.426008,-19.5430504,-0.284542706,-0.898407,-0.334515039
1,1,Transit,2020,1.995,0.0142,2.62,,,,698,3157,0.3,0.12,163.2519122,5.3064776,-0.953477025,0.286929309,0.092483159
1,1,Transit,2020,2.298,0.041,1.95,,,,701,3855,0.58,0.6,156.4054989,2.5138829,-0.915519225,0.399875882,0.043861458
1,1,Transit,2020,8.205,0.0594,1.92,,,,635,4141,0.6,0.63,156.6226981,4.7640203,-0.914740693,0.395413478,0.083052065
1,1,Transit,2020,24.93,0.1275,2.1,,,,318,3710,0.55,0.48,159.4209874,6.2858689,-0.930559978,0.349385533,0.109489163
1,1,Transit,2020,3.262,0.0331,2.43,,,,707,3752,0.51,0.52,157.6222171,6.8636732,-0.918066737,0.377983401,0.119507384
1,1,Transit,2020,6.93,0.0419,2.2,,,,423,3287,0.3,0.27,353.9169507,-7.6867213,0.98543416,-0.105017675,-0.133756514
1,1,Transit,2020,1.256,0.0198,2.28,,,,1114,3924,0.69,0.51,351.612262,1.3375909,0.989033998,-0.14583156,0.023343245
1,1,Transit,2020,12.4551225,0.1016,8.676,82.6358,0.0697,45.7,650,5282,0.82,0.9,351.1353785,-5.1641451,0.984044612,-0.153474814,-0.090009352
1,1,Transit,2016,5.424865,,5.04,1175.971,0,,,3540,1.05,0.56,242.5613635,-19.3193831,-0.434850387,-0.837528644,-0.330833661
1,1,Transit,2016,2.995633,0.0426,13.96,,,,1559,6071,1.44,1.15,127.5787231,22.2359194,-0.564498445,0.733579538,0.378421152
1,2,Transit,2016,2.399964,0.031,1.32,,0.13,211,,4402.71,0.62,0.7,170.1031027,1.2858679,-0.984870557,0.171832471,0.022440745
1,2,Transit,2016,5.608352,0.055,1.93,,0.12,68,,4402.71,0.62,0.7,170.1031027,1.2858679,-0.984870557,0.171832471,0.022440745
1,2,Transit,2016,1.422614,0.0223,1.43,3.9,0,529,1224,4916,0.72,0.79,169.4490102,3.8665038,-0.980854695,0.182693708,0.067432014
1,2,Transit,2016,5.340888,0.054,3.2,7.8,0,90,788,4916,0.72,0.79,169.4490102,3.8665038,-0.980854695,0.182693708,0.067432014
1,3,Transit,2016,4.44117,0.0511,1.61,,,213.3,974,5413,0.85,0.9,243.4509662,-24.7870527,-0.405785786,-0.812139089,-0.419246939
1,3,Transit,2016,6.42904,0.0654,2.75,,,130.3,861,5413,0.85,0.9,243.4509662,-24.7870527,-0.405785786,-0.812139089,-0.419246939
1,3,Transit,2016,14.09189,0.1103,2.73,,,45.7,663,5413,0.85,0.9,243.4509662,-24.7870527,-0.405785786,-0.812139089,-0.419246939
1,2,Transit,2016,4.01593,,1.906,19.0698,,,,5757,1.38,2.24,240.0333095,-23.1894196,-0.459141161,-0.796324601,-0.393772173
1,2,Transit,2016,10.56103,0.0964,2.42,9.9,,128.3,858,5757,1.1,1.07,240.0333095,-23.1894196,-0.459141161,-0.796324601,-0.393772173
1,1,Transit,2016,4.60543,,6.277,28.6047,0,,,4881,2.97,0.66,338.3682095,-9.0229405,0.918069218,-0.364078688,-0.15682991
1,1,Transit,2015,10.003417,0.078,2.1,,0.08,15.6,,4014.73,0.57,0.64,174.7455392,-3.9055746,-0.993485216,0.091366469,-0.06811236
1,1,Transit,2016,6.68796,0.0617,2.15,,,44.1,,4613,0.64,0.7,176.6657559,-5.1720463,-0.994242624,0.057923897,-0.090146693
1,2,Transit,2016,3.471149,,4.51,,,,939,3840.6,0.54,0.57,169.117028,-3.9754405,-0.979652002,0.188349314,-0.069328867
1,2,Transit,2019,2.198884,,2.42,,,,1094,3840.6,0.54,0.57,169.117028,-3.9754405,-0.979652002,0.188349314,-0.069328867
1,1,Transit,2016,5.657,0.06,2.433,,,,,5912,1.58,1.15,174.011661,-2.5209338,-0.993580648,0.104225088,-0.0439844
1,1,Transit,2016,1.7292684,0.0224,6.71,,,100,,4103,0.45,0.5,169.6327547,-1.7740582,-0.983203014,0.179870573,-0.030958209
1,1,Transit,2016,19.1541,0.13821,2.05,,,119,,6256,1.29,0.96,174.2662454,-0.90721,-0.99487216,0.099893425,-0.01583314
1,1,Transit,2016,31.6372,0.1779,1.89,,,10.7,,5054,0.76,0.75,168.5825696,2.7805614,-0.97905695,0.197722485,0.048510904
1,1,Transit,2016,20.5065,0.1344,2.24,,,15.3,,4899,0.73,0.77,176.1233077,3.2723812,-0.996085044,0.06749919,0.057082781
1,1,Transit,2016,2.77065,0.0309,1.93,,,59,,4175,0.45,0.51,177.3202331,3.4755183,-0.997069251,0.046667716,0.060622045
1,2,Transit,2015,5.73594,0.0532,1.91,,,24.1,565,3930,0.57,0.61,169.3034598,-1.8778254,-0.98209631,0.185507604,-0.032768369
1,2,Transit,2015,10.93241,0.0818,2.26,,,10.2,456,3930,0.57,0.61,169.3034598,-1.8778254,-0.98209631,0.185507604,-0.032768369
1,2,Transit,2016,8.7529,0.0705,1.59,,,18.8,,4326,0.55,0.61,169.483654,5.988289,-0.977837775,0.181520086,0.104325185
1,1,Transit,2016,3.535055,0.054,18,,,,2004,7147,2.19,1.69,246.6114157,-24.9699462,-0.359860445,-0.832043212,-0.422142811
1,1,Transit,2016,12.20772,0.098,2.6,,,,665,5263,0.81,0.85,244.1419684,-20.4005984,-0.408787163,-0.843435687,-0.348581836
1,1,Transit,2016,9.7843,0.0671,1.15,,,6.1,,3798,0.38,0.42,338.0541631,-17.5440636,0.884393535,-0.356346042,-0.301439171
1,1,Transit,2016,2.849258,0.03486,3.82,,,115,,4456,0.63,0.7,333.7518786,-17.2508002,0.85654149,-0.422364605,-0.296554913
1,1,Transit,2016,9.0063,0.0746,2.1,,,24.1,,4434,0.62,0.68,342.6918241,-14.0700007,0.926076266,-0.288585611,-0.243107166
1,3,Transit,2016,7.05254,0.0692,2.68,,,118,,5413,0.86,0.89,333.8218395,-14.049857,0.870579939,-0.427966328,-0.242766125
1,3,Transit,2016,2.53726,0.035,1.62,,,462,,5413,0.86,0.89,333.8218395,-14.049857,0.870579939,-0.427966328,-0.242766125
1,3,Transit,2016,22.8827,0.1517,1.71,,,24.6,,5413,0.86,0.89,333.8218395,-14.049857,0.870579939,-0.427966328,-0.242766125
1,2,Transit,2016,20.6921,0.1354,2.41,,,17.1,,5055,0.73,0.77,338.94255,-14.027727,0.905390623,-0.348588897,-0.24239142
1,2,Transit,2016,11.2954,0.0905,2.3,,,38.3,,5055,0.73,0.77,338.94255,-14.027727,0.905390623,-0.348588897,-0.24239142
1,1,Transit,2015,30.94191,0.1898,2.5,,,,615,5850,0.96,0.97,178.1921152,-1.1984418,-0.99928359,0.031541405,-0.02091523
1,1,Transit,2016,3.00265,0.045,7.656,135.39558,0,,1400,5500,1.12,0.97,338.6062312,-13.7318044,0.904482459,-0.35434933,-0.237377408
1,1,Transit,2016,2.57302,0.0392,2.48,,,1686,,6293,1.36,1.21,339.6748444,-13.5600447,0.911596874,-0.337664998,-0.234464257
1,2,Transit,2016,6.67202,0.0636,2.14,,,66,,4880,0.73,0.77,334.3645089,-12.1874776,0.88124529,-0.422893382,-0.21111117
1,2,Transit,2016,16.1966,0.1148,2.14,,,20.5,,4880,0.73,0.77,334.3645089,-12.1874776,0.88124529,-0.422893382,-0.21111117
1,2,Transit,2016,20.257,0.1627,3.22,,,188,,6771,1.63,1.4,333.4267738,-12.0663429,0.874603491,-0.437457743,-0.20904415
1,2,Transit,2016,25.4556,0.189,3.9,,,139,,6771,1.63,1.4,333.4267738,-12.0663429,0.874603491,-0.437457743,-0.20904415
1,1,Transit,2016,6.53044,0.0619,2.07,,,98,,5312,0.73,0.74,332.4138478,-11.4286687,0.868741797,-0.453899919,-0.198147807
1,1,Transit,2016,12.6475,0.1014,1.58,,,45,,5213,0.84,0.87,333.2125206,-10.9261373,0.876502055,-0.442512662,-0.189543375
1,1,Transit,2016,5.06963,0.05983,2.49,21.3,0,840,1372,5887,1.67,1.11,331.5266563,-10.7115362,0.863722102,-0.468442669,-0.185864455
1,1,Transit,2016,8.05428,0.0708,1.58,,,41,,4746,0.68,0.73,334.0195539,-10.5673649,0.883697488,-0.430634794,-0.183391451
1,1,Transit,2016,7.06599,0.0591,2.32,,,17.9,,4127,0.49,0.55,335.7596816,-10.4886817,0.896595538,-0.403704608,-0.182041288
1,1,Transit,2015,28.67992,0.1814,2.67,,,,651,5772,0.96,0.97,167.0937488,-1.065855,-0.974568177,0.223317819,-0.018601606
1,1,Transit,2016,13.97896,0.1112,2.89,,,62,,5622,0.93,0.94,338.4759328,-10.0849917,0.915890111,-0.3612232,-0.175108835
1,1,Transit,2016,6.98541,0.0559,2.15,,,13.4,,4006,0.43,0.48,341.7248656,-9.8816109,0.935474393,-0.308928253,-0.17161292
1,4,Transit,2016,5.577212,0.04,1.08,,0.11,8.5,,3360.47,0.33,0.27,334.6227504,-9.6120084,0.890821281,-0.422559656,-0.166975394
1,4,Transit,2016,15.189034,0.078,1.16,,0.11,2.2,,3360.47,0.33,0.27,334.6227504,-9.6120084,0.890821281,-0.422559656,-0.166975394
1,4,Transit,2016,7.760178,0.05,1.01,,0.11,5.4,,3360.47,0.33,0.27,334.6227504,-9.6120084,0.890821281,-0.422559656,-0.166975394
1,4,Transit,2016,24.158868,0.106,1.29,,0.11,1.2,,3360.47,0.33,0.27,334.6227504,-9.6120084,0.890821281,-0.422559656,-0.166975394
1,1,Transit,2016,7.49543,0.07619,2.45,,,213,,5922,1.06,1.05,335.025662,-9.0560881,0.895197252,-0.416949306,-0.15740126
1,1,Transit,2016,19.5666,0.1402,2.31,,,59.1,,6060,0.98,0.96,339.9192984,-8.7145697,0.928367139,-0.339379604,-0.151512179
1,2,Transit,2016,7.8142,0.081,2.67,,,430,,5995,1.56,1.16,338.844896,-7.469895,0.92469213,-0.35783111,-0.130005238
1,2,Transit,2016,18.311,0.1429,2.77,,,138,,5995,1.56,1.16,338.844896,-7.469895,0.92469213,-0.35783111,-0.130005238
1,1,Transit,2016,8.199796,,2.3,603.877,0.14,58,,4970,0.76,0.8,55.228521,12.572448,0.556629716,0.801736504,0.217673924
1,1,Transit,2016,10.99573,0.0987,3.69,,,186,,5926,1.28,1.06,55.2559307,13.5191871,0.55412042,0.798937851,0.233770976
1,2,Transit,2015,10.35239,0.0856,3.58,,,37.7,631,4870,0.74,0.78,169.7935178,-0.2844389,-0.984163439,0.177193903,-0.004964375
1,2,Transit,2016,5.06416,0.0532,2.41,,,97.8,801,4870,0.74,0.78,169.7935178,-0.2844389,-0.984163439,0.177193903,-0.004964375
1,3,Transit,2016,19.0918,0.135,2.01,,,32.5,,5441,0.87,0.9,59.037486,13.5590288,0.500138114,0.833604499,0.234447021
1,3,Transit,2016,5.605,0.0596,1.47,,,166,,5441,0.87,0.9,59.037486,13.5590288,0.500138114,0.833604499,0.234447021
1,3,Transit,2018,28.867253,,2.552,,,,,5377,0.84,0.91,59.037486,13.5590288,0.500138114,0.833604499,0.234447021
1,1,Transit,2016,6.102325,0.059,1.97,,0.06,62.9,,4674.13,0.63,0.75,57.4854562,14.5020556,0.520387768,0.816387794,0.250414738
1,2,Transit,2016,2.74697,0.03014,1.244,,,41.5,,3910,0.42,0.48,59.9013782,15.5587994,0.483113176,0.833460169,0.268227154
1,2,Transit,2016,9.99767,0.07131,1.483,,,7.42,,3910,0.42,0.48,59.9013782,15.5587994,0.483113176,0.833460169,0.268227154
1,2,Transit,2016,6.4215,0.0665,2.41,,,178,,5652,0.93,0.95,55.8093566,16.6344396,0.53843115,0.792555752,0.286264349
1,2,Transit,2016,27.86,0.1768,2.03,,,25.3,,5652,0.93,0.95,55.8093566,16.6344396,0.53843115,0.792555752,0.286264349
1,1,Transit,2016,0.684533,0.01263,1.01,,,479,,4268,0.51,0.57,59.464829,18.4649505,0.481910651,0.816974741,0.31672448
1,1,Transit,2016,8.77683,0.077,1.96,,,78,,5482,0.76,0.79,51.5531053,18.6355718,0.589188728,0.742122586,0.319547665
1,1,Transit,2016,9.726618,0.094,7.6,,,,979,5747,1.4,1.16,66.2363638,18.8273617,0.381404005,0.866247222,0.322717732
1,1,Transit,2016,4.6122,0.0345,1.23,,,7.8,,3537,0.26,0.26,54.7514566,19.1199667,0.545287258,0.771605243,0.327547179
1,1,Transit,2016,1.096026,0.01462,0.615,,,78,,3691,0.32,0.35,57.0671234,20.4594885,0.509362077,0.786364139,0.349545011
1,1,Transit,2015,18.4498,0.091,2.25,,,1.36,314,3390,0.31,0.3,176.263724,0.0054085,-0.997874556,0.065164111,9.43961E-05
1,2,Transit,2016,13.733314,0.096,2.6,,,,502,4484,0.62,0.63,59.1527391,22.4724517,0.473814639,0.793342863,0.382239179
1,2,Transit,2016,2.900706,0.035,1.3,,0.19,80.8,,4421.98,0.63,0.7,59.1527391,22.4724517,0.473814639,0.793342863,0.382239179
1,1,Transit,2016,1.419549,0.0164,1.1,,,46,,3622,0.28,0.29,63.2182348,24.2047218,0.410980123,0.814246163,0.409998201
1,1,Transit,2016,10.134016,0.0696,3.88,,,,383,3548,0.42,0.44,129.3625717,18.9766197,-0.599756287,0.731128491,0.325182296
1,1,Transit,2016,8.406726,0.086,10.61,,,,1499,4717,4.47,1.2,127.762837,10.8475571,-0.601451774,0.776426308,0.188196576
1,1,Transit,2016,10.136448,0.0974,5.2,,,,1092,6172,1.57,1.2,126.4882114,11.5110933,-0.582696493,0.787808059,0.199557658
1,1,Transit,2016,18.251985,0.1597,11.73,,,,1113,6217,2.63,1.63,208.7737624,-5.4424943,-0.872575721,-0.479182347,-0.094846661
1,1,Transit,2012,1.217514,0.02466,12.442,8654.15,0.0099,,,6518,1.46,1.32,0.3620995,39.3837953,0.772897625,0.004884645,0.634511939
1,1,Transit,2016,4.1662739,0.0525,15.681,215.80657,,600,1377,5948,1.21,1.11,284.5483823,-47.0033072,0.171305643,-0.660089811,-0.731393066
1,1,Transit,2017,4.7361,,15.132,54.34893,0.0007,,,5375,2.69,1.44,161.7069053,-9.3993646,-0.936715793,0.309663894,-0.163315021
1,1,Transit,2017,5.031623,0.06708,19.952,301.9385,0,1749,1800,6279,2.37,1.59,267.6404906,36.5701761,-0.033064422,-0.802446804,0.595806907
1,1,Transit,2016,1.7100566,0.03005,19.537,408.09372,0,,1970,5720,1.52,1.24,108.301409,-42.4097623,-0.231850567,0.700993523,-0.674428199
2,1,Transit,2016,3.32944,,19.504,416.3573,0,,,6003,1.78,2.06,117.4149764,-52.1204471,-0.282706785,0.545047931,-0.789303254
2,1,Transit,2017,0.9689951,0.02044,15.861,874.0325,0,,2453,6236,1.36,1.21,314.2685227,31.6610186,0.594134275,-0.609501552,0.524892677
1,1,Transit,2016,3.0801716,0.04881,17.094,416.3573,,,2087,7454,1.65,1.64,125.617407,13.7353093,-0.565715926,0.78967667,0.237436831
2,1,Transit,2017,2.8717518,0.0455,17.598,375.0394,0,3152,2085,6670,1.91,1.52,216.5238248,59.4442735,-0.408535881,-0.302563624,0.861135116
2,1,Transit,2017,4.6117093,0.0637,21.409,1293.5681,,2340,1935,7500,1.83,1.62,111.5095293,7.6157759,-0.363421726,0.922150005,0.132529308
2,1,Transit,2012,4.11379,,15.132,540.311,0,,,6327,1.93,1.54,92.6640226,30.9571333,-0.039858362,0.856625601,0.514396628
1,1,Transit,2017,3.4741085,0.0542,19.515,1074.90106,,4362.5,2262,8720,1.56,1.76,294.6614126,31.2192001,0.356832664,-0.777188165,0.518313617
1,1,Transit,2018,3.6127647,0.05224,17.777,1242.7153,0,2950,2051,7598,1.64,1.46,304.8000322,32.5810446,0.480901102,-0.691925176,0.538492044
2,1,Transit,2019,2.255251,0.03302,14.83,298.12454,0,991.18,1561,5899,1,0.94,232.1466406,66.3587097,-0.246076417,-0.316630481,0.916073979
1,1,Transit,2019,5.5514926,0.06969,14.258,1646.3594,0.077,750.9,1459,6509,1.51,1.46,161.9090273,71.655727,-0.299167409,0.097730813,0.949182569
2,1,Transit,2013,2.70339,,17.486,616.5902,0,,,6304,1.7,1.96,148.6431193,40.3879446,-0.65042648,0.396350452,0.647959654
3,1,Transit,2016,2.9895932,0.04317,19.044,286.68266,0,,1823,6206,1.6,1.2,157.06262,25.5731366,-0.830712316,0.351545462,0.431662873
1,2,Transit,2014,7.8457,,14.572,165.2716,0.22,,,6102,1.73,1.42,195.9818362,30.640145,-0.827130429,-0.236892084,0.50964438
1,2,Radial Velocity,2015,1276,2.39,,1179.1493,0.21,,,6272,1.53,1.13,195.9818362,30.640145,-0.827130429,-0.236892084,0.50964438
1,1,Transit,2015,2.73477,,17.934,441.7837,0,,,6768,1.81,1.76,78.2955912,33.3179532,0.169519184,0.818260094,0.549284685
1,1,Transit,2015,3.24406,,18.159,209.7678,0.04,,,5754,1.46,0.81,283.3054489,24.1272483,0.21003703,-0.888141882,0.408764533
2,1,Transit,2017,1.4811235,0.03462,21.196,915.3504,0,44900,4050,10170,2.36,2.52,307.8598998,39.9389161,0.470566905,-0.605343372,0.641970553
1,3,Orbital Brightness Modulation,2014,0.2197,,,,,,,27500,,,287.3892308,46.9844491,0.203882322,-0.651018065,0.731168571
1,3,Orbital Brightness Modulation,2014,0.32528,,,,,,,27500,,,287.3892308,46.9844491,0.203882322,-0.651018065,0.731168571
1,3,Orbital Brightness Modulation,2014,0.81161,,,,,,,27500,,,287.3892308,46.9844491,0.203882322,-0.651018065,0.731168571
1,1,Transit,2015,854.083,,5.5,,,,,6091,1.01,1.01,287.3781164,47.7711541,0.200738395,-0.641415407,0.740466321
1,1,Transit,2015,1322.3,,6.9,,,,,6175,1.01,0.98,294.9498381,38.6051867,0.329640764,-0.708535771,0.623950341
2,1,Timing Variation,2017,237.68977,0.8,,2445.06619,0.0603,,,,,1.21,290.5519537,40.2350445,0.267996976,-0.714813861,0.645924737
1,2,Transit,2015,440.7813,,6.4,,,,,6340,1.24,1.07,288.4749028,40.6512848,0.240420218,-0.719587634,0.651453572
2,1,Transit,2015,1320.1,,6.6,,,,,6258,1.52,0.98,288.9916218,41.2230683,0.244771978,-0.711207264,0.658992342
1,1,Timing Variation,2016,840,,,3750.394,0.15,,,7067,,1.63,299.4346094,43.6326069,0.355686795,-0.630351771,0.690031557
1,2,Transit,2015,31.8099,,4.1,,,,,6474,1.26,1.04,282.3775397,44.694569,0.152375899,-0.694343043,0.703327324
1,2,Transit,2015,75.2,,2.4,,,,,6474,1.26,1.04,282.3775397,44.694569,0.152375899,-0.694343043,0.703327324
1,2,Transit,2015,572.3847,,4.6,,,,,6065,1.03,0.98,297.0454037,46.3286653,0.313977261,-0.615009762,0.723312707
1,1,Microlensing,2018,,2.2,,5700,,,,,,0.48,268.43925,-29.0868889,-0.02380184,-0.873559285,-0.486135421
1,1,Microlensing,2019,,0.342,,1043,,,,,,0.09,266.41775,-26.0318,-0.056142639,-0.896794957,-0.438869923
1,1,Microlensing,2018,,5.1,,2200,,,,,,0.45,272.664612,-24.8577385,0.04218244,-0.906373274,-0.420366661
1,1,Microlensing,2018,,1.08,,1450,,,,,,0.04,268.76474,-29.5169201,-0.018759717,-0.870008008,-0.492680565
1,1,Microlensing,2019,,3.5,,700,,,,,,0.49,268.250333,-30.04075,-0.026431233,-0.865265971,-0.50061581
1,1,Microlensing,2018,,0.83,,4923,,,,,,0.07,268.112,-29.3845615,-0.028707239,-0.870873034,-0.490668985
1,1,Microlensing,2020,,2.63,,1250,,,,,,0.5,265.715667,-27.4355611,-0.066303832,-0.885049473,-0.460750726
1,1,Microlensing,2020,,3.64,,836,,,,,,0.64,266.212542,-23.2013806,-0.0607133,-0.917118431,-0.393964057
1,1,Microlensing,2018,,3.45,,34,,,,,,0.76,269.6496667,-28.1336694,-0.005392011,-0.881833443,-0.471530175
1,1,Microlensing,2019,,1.8,,640,,,,,,0.37,266.170917,-25.1430306,-0.060452927,-0.903229169,-0.424879408
1,1,Microlensing,2019,,1.6,,230,,,,,,0.33,269.105833,-33.1424694,-0.01306672,-0.837211736,-0.546722754
1,1,Microlensing,2020,,4.27,,7.59,,,,,,1.14,264.469458,-27.9847,-0.08510734,-0.878962192,-0.469235768
1,1,Microlensing,2020,,0.62,,60,,,,,,0.09,267.8745,-30.6463889,-0.031908305,-0.859737686,-0.509738139
1,1,Microlensing,2020,,6.03,,1400,,,,,,1.09,263.427583,-33.5206694,-0.095422869,-0.828207654,-0.552237773
1,1,Microlensing,2019,,0.763,,111,,,,,,0.09,268.435375,-22.1525389,-0.025288937,-0.925837938,-0.37707371
1,1,Microlensing,2020,,3.31,,10.28,,,,,,0.76,268.458458,-29.8774389,-0.023326308,-0.866779153,-0.498146347
1,1,Microlensing,2020,,2.15,,397,,,,,,0.48,265.743417,-25.5739167,-0.066951371,-0.899541036,-0.431675154
1,1,Microlensing,2020,,,,200,,,,,,0.31,269.11625,-28.2011111,-0.01359285,-0.881189456,-0.472567855
1,2,Transit,2015,17.855182,0.154,13.787,349.613,0.34,,,,1.4,1.5,297.4537402,41.0110188,0.347887321,-0.669604745,0.656204158
2,1,Transit,2014,86.647661,0.382,10.54,460.83,0.772,,511,5520,1.13,0.99,291.2250888,44.9272918,0.256320488,-0.659976366,0.706208895
3,1,Transit,2011,1.763588,0.03641,16.948,2949.4624,0.00064,,2550,7650,1.74,1.72,286.9713876,46.8682463,0.199561676,-0.653904577,0.72978349
1,3,Transit,2013,10.91647,,3.438,9.5,0.05561,,,5466,0.9,0.99,291.1481028,40.669413,0.273645219,-0.707399296,0.651693586
1,3,Transit,2013,22.26492,,,214.1,0.05724,,,5466,0.9,0.99,291.1481028,40.669413,0.273645219,-0.707399296,0.651693586
1,2,Transit,2019,20.4415,0.14728,1.9,4.6,0.014,,,,0.97,1.02,298.3738383,40.6184483,0.360723217,-0.667872346,0.651018656
1,2,Transit,2019,13.6088,0.112293,1.9,9,0.0114,,,,0.97,1.02,298.3738383,40.6184483,0.360723217,-0.667872346,0.651018656
1,2,Transit,2020,134.4628,,8.86,71,0,5.7,,5922,1.14,1.08,289.3414629,46.988155,0.225926087,-0.64365006,0.731212694
1,2,Transit,2020,284.215,,5.44,15,0,2.49,,5922,1.14,1.08,289.3414629,46.988155,0.225926087,-0.64365006,0.731212694
1,1,Transit,2010,3.90512,0.0477,12.442,,0,,,5545,0.86,0.95,294.8654667,46.2858128,0.29058375,-0.626998366,0.722796052
1,8,Transit,2013,7.008151,0.074,1.31,,,,,6080,1.2,1.2,284.4334642,49.3051239,0.16252225,-0.631451047,0.75819265
1,8,Transit,2013,8.719375,0.089,1.19,,,,,6080,1.2,1.2,284.4334642,49.3051239,0.16252225,-0.631451047,0.75819265
1,8,Transit,2013,59.73667,0.32,2.87,,,,,6080,1.2,1.2,284.4334642,49.3051239,0.16252225,-0.631451047,0.75819265
1,8,Transit,2013,91.93913,0.42,2.66,,,,,6080,1.2,1.2,284.4334642,49.3051239,0.16252225,-0.631451047,0.75819265
1,8,Transit,2013,124.9144,0.48,2.88,,,,,6080,1.2,1.2,284.4334642,49.3051239,0.16252225,-0.631451047,0.75819265
1,8,Transit,2013,210.60697,0.71,8.1,,,,,6080,1.2,1.2,284.4334642,49.3051239,0.16252225,-0.631451047,0.75819265
1,8,Transit,2013,331.60059,1.01,11.3,,,,,6080,1.2,1.2,284.4334642,49.3051239,0.16252225,-0.631451047,0.75819265
1,1,Transit,2018,141.241671,0.534,11.097,613.4119,0.496,,347,5830,0.96,1.01,293.2815266,45.3096572,0.277968946,-0.646009932,0.710918021
1,2,Orbital Brightness Modulation,2011,0.240104,0.006,0.759,0.44,,,,27730,0.2,0.5,296.3561853,41.0927315,0.334581555,-0.67530634,0.657279644
1,2,Orbital Brightness Modulation,2011,0.342887,0.0076,0.867,0.655,,,,27730,0.2,0.5,296.3561853,41.0927315,0.334581555,-0.67530634,0.657279644
2,4,Transit,2013,3.743208,0.05119,1.71,10.5,0.25,,1486,6182,1.52,1.28,297.3330716,41.8911186,0.341807401,-0.661302865,0.667717172
2,4,Transit,2013,10.423648,0.1013,4.32,15.6,0.43,,1012,6182,1.52,1.28,297.3330716,41.8911186,0.341807401,-0.661302865,0.667717172
2,4,Transit,2013,22.342989,0.1684,11.27,106,0.022,,806,6182,1.52,1.28,297.3330716,41.8911186,0.341807401,-0.661302865,0.667717172
2,4,Transit,2013,54.32031,0.3046,6.56,35,0.019,,584,6182,1.52,1.28,297.3330716,41.8911186,0.341807401,-0.661302865,0.667717172
1,1,Transit,2018,1.706291,0.0269,11.545,346.4347,0,729,1459,5165,0.91,0.89,165.167198,64.9638452,-0.409088108,0.108336332,0.906040926
1,1,Radial Velocity,2014,121.54,0.311,,7,0.23,,,3550,0.29,0.28,77.9586613,-45.0430198,0.147403953,0.691029115,-0.707637504
1,2,Transit,2011,0.837491,0.0172,1.481,4.60853,,,2130,5627,1.06,0.91,285.679298,50.2414842,0.172840927,-0.615755142,0.768746785
1,2,Transit,2011,45.2946,,,7.37,,,,5706,1.09,1.02,285.679298,50.2414842,0.172840927,-0.615755142,0.768746785
1,3,Transit,2014,6.88705,,1.32,7.34,,,,5825,1.49,1.08,291.3861294,41.9901394,0.271030772,-0.692082153,0.669002701
1,3,Transit,2014,12.8159,,2.2,7.05,,,,5825,1.49,1.08,291.3861294,41.9901394,0.271030772,-0.692082153,0.669002701
1,3,Transit,2014,35.3331,,1.61,3,,,,5825,1.49,1.08,291.3861294,41.9901394,0.271030772,-0.692082153,0.669002701
1,1,Transit,2016,120.0181272,,4.76,,,,,6453,1.51,1.4,286.6854729,47.0981948,0.195453609,-0.652081445,0.732521451
1,2,Transit,2016,14.30511983,,3.15,,,,,5491,0.88,0.9,286.2739151,48.6186972,0.185250628,-0.634580055,0.750326834
1,2,Transit,2020,9.18186,,1.578,,,,,5376,0.84,0.93,286.2739151,48.6186972,0.185250628,-0.634580055,0.750326834
1,1,Transit,2016,4.33642933,,1.71,,,,,6144,1.57,1.22,293.0794629,43.073677,0.286352034,-0.672010314,0.682938248
1,1,Transit,2016,3.55485691,,1.78,,,,,6109,1.17,1.11,292.0204349,44.8762427,0.26569271,-0.656937858,0.705577802
1,1,Transit,2016,5.28789787,,6.28,,,,,4972,3.39,1.11,297.3593427,49.7975464,0.296647809,-0.573286951,0.763768387
1,1,Transit,2016,6.49801525,,1.5,,,,,5782,1.06,1,286.2858998,43.3205085,0.204020822,-0.698334714,0.686078809
1,1,Transit,2016,19.76172042,,1.54,,,,,5328,0.74,0.78,295.7542063,42.5373065,0.320164187,-0.663644547,0.676070121
1,1,Transit,2016,5.18500207,,1.44,,,,,4587,0.7,0.73,295.9065297,45.8090893,0.304544741,-0.627003274,0.717021196
2,1,Transit,2016,12.43931193,,1.28,,,,,5066,0.78,0.81,296.5476395,44.9418307,0.316356245,-0.633193471,0.70638853
1,1,Transit,2016,11.35011917,,2.17,,,,,4027,0.57,0.59,282.8598614,42.6658336,0.163657854,-0.716875119,0.677721308
1,2,Transit,2014,3.4876812,0.0474,5.77,51.1,0.086,,1513,5667,1.56,1.17,283.255507,48.3552474,0.152368143,-0.646805707,0.747279283
1,2,Transit,2014,6.02976,0.0684,1.25,3.78,0,,1413,5667,1.56,1.17,283.255507,48.3552474,0.152368143,-0.646805707,0.747279283
1,1,Transit,2016,34.2685705,,2.32,,,,,5253,0.82,0.86,289.1926026,44.1493165,0.235883222,-0.677646037,0.696530655
1,1,Transit,2016,5.75322197,,2.87,,,,,5416,0.88,0.91,297.4015491,46.8239976,0.31490432,-0.607471818,0.729255277
1,1,Transit,2016,5.50860439,,1.29,,,,,5556,0.91,0.95,289.2962253,46.4579889,0.227643989,-0.650186505,0.724869452
1,1,Transit,2016,18.93054959,,2.15,,,,,4954,0.76,0.81,290.2481023,44.4352935,0.247119775,-0.66991579,0.700103314
1,1,Transit,2016,16.57110363,,2.39,,,,,5388,0.84,0.88,285.1219875,44.1105331,0.187307815,-0.693135928,0.696044803
1,1,Transit,2016,16.00494214,,3.55,,,,,6769,1.81,1.49,292.7573088,43.4268439,0.280935305,-0.669715097,0.687427846
1,2,Transit,2016,1.95452434,,2.18,,,,,5821,1,0.99,294.613689,45.9846265,0.28940421,-0.631714819,0.719153385
1,2,Transit,2016,105.6551369,,3.68,,,,,5821,1,0.99,294.613689,45.9846265,0.28940421,-0.631714819,0.719153385
1,1,Transit,2016,7.23400469,,1.99,,,,,5473,0.87,0.93,283.469299,40.1325185,0.178083603,-0.743526497,0.644557661
1,1,Transit,2016,49.1013514,,2.58,,,,,5518,0.88,0.91,283.5967317,45.4078654,0.165043843,-0.682379789,0.712122429
1,1,Transit,2016,1.41122985,,1.46,,,,,4433,0.67,0.7,283.7175909,47.2043818,0.161106971,-0.660006651,0.733781824
1,5,Transit,2014,5.28696,,0.47,4.3,,,,4903,0.74,0.8,281.4824731,47.2078263,0.13523518,-0.665744501,0.733822666
1,5,Transit,2014,7.07142,,0.58,3,,,,4903,0.74,0.8,281.4824731,47.2078263,0.13523518,-0.665744501,0.733822666
1,5,Transit,2014,10.3117,,1.18,3.8,,,,4903,0.74,0.8,281.4824731,47.2078263,0.13523518,-0.665744501,0.733822666
1,5,Transit,2013,16.1457,,2.22,8.93,,,,4903,0.74,0.8,281.4824731,47.2078263,0.13523518,-0.665744501,0.733822666
1,5,Transit,2014,27.4536,,0.88,5.2,,,,4903,0.74,0.8,281.4824731,47.2078263,0.13523518,-0.665744501,0.733822666
1,1,Transit,2016,96.9151496,,2.28,,,,,5227,0.8,0.87,292.672471,46.3772776,0.265933323,-0.636593039,0.723898315
1,1,Transit,2016,13.47469571,,2.33,,,,,5431,0.86,0.89,295.2048999,42.5596699,0.313674676,-0.666444673,0.676357668
1,1,Transit,2016,10.99469878,,2.36,,,,,4445,0.68,0.71,289.3520595,46.9736345,0.226106523,-0.643783086,0.731039793
1,1,Transit,2016,62.1387714,,2.63,,,,,5494,0.89,0.93,289.0297232,49.7697034,0.210588698,-0.610564857,0.76345462
1,1,Transit,2016,66.4162133,,3.91,,,,,5143,0.78,0.81,291.9510277,38.2516419,0.293555805,-0.728367906,0.619116454
1,1,Transit,2016,37.3229493,,1.98,,,,,6089,1.13,1.09,284.510214,43.9615628,0.180349171,-0.696846006,0.694175641
1,1,Transit,2016,36.5156053,,2.21,,,,,4948,0.75,0.79,283.6053012,39.9979286,0.180203664,-0.74457124,0.642759915
2,1,Transit,2016,1.9078052,,0.89,,,,,5436,0.82,0.91,287.5711746,42.8138159,0.221456465,-0.699339775,0.679618211
1,1,Transit,2016,2.51462432,,1.33,,,,,5522,0.87,0.9,289.5931004,49.7812447,0.216530401,-0.608319807,0.763584702
1,1,Transit,2016,4.41769648,,1.26,,,,,5030,0.77,0.82,292.1328738,41.5474786,0.281966446,-0.693258271,0.663240449
1,2,Transit,2014,15.9654,,3.37,9.7,,,,5845,1.44,1.09,288.9845512,40.0644857,0.248968864,-0.723691913,0.643649376
1,2,Transit,2014,179.612,,5.14,36.1,,,,5845,1.44,1.09,288.9845512,40.0644857,0.248968864,-0.723691913,0.643649376
1,1,Transit,2016,19.32952416,,2.48,,,,,4983,0.76,0.8,293.6819098,45.8175241,0.27993431,-0.638255616,0.717123804
1,1,Transit,2016,1.22621732,,0.87,,,,,6011,1.12,1.09,296.0898796,48.9554121,0.288780199,-0.589737367,0.754198803
1,1,Transit,2016,3.29011795,,1.87,,,,,4647,0.71,0.77,289.9308779,40.0977109,0.260759954,-0.719130284,0.644093069
1,1,Transit,2016,7.56052806,,2.51,,,,,5547,0.92,0.94,283.8450963,44.6090251,0.170359757,-0.691231611,0.702265201
1,1,Transit,2016,12.12400943,,2.26,,,,,5198,0.8,0.83,286.1154093,37.9669464,0.218829089,-0.757386596,0.615206774
1,1,Transit,2016,2.71407755,,1.17,,,,,5763,0.97,0.98,289.042243,42.8824991,0.239071066,-0.692653409,0.680497083
1,1,Transit,2016,122.8808058,,3.01,,,,,5533,0.89,0.95,295.1817093,49.9458172,0.273808083,-0.582354275,0.765436237
1,1,Transit,2016,1.06378867,,1.28,,,,,5105,0.78,0.82,296.3410342,47.1709335,0.301642147,-0.609227652,0.733385085
1,1,Transit,2016,148.4603382,,3.53,,,,,5335,0.83,0.87,298.9721472,44.1323499,0.347658789,-0.627912735,0.696318149
1,1,Transit,2016,0.93488424,,1.46,,,,,4870,0.74,0.79,298.3266169,45.3154212,0.333668018,-0.618999698,0.710988767
2,3,Transit,2014,11.427548,0.094,3.1,,,,,5711,1.35,,287.6046621,42.1665104,0.224173171,-0.706483914,0.671287472
2,3,Transit,2014,23.668205,0.153,3.13,,,,,5711,1.35,,287.6046621,42.1665104,0.224173171,-0.706483914,0.671287472
2,3,Transit,2014,51.755394,0.257,3.58,,,,,5711,1.35,,287.6046621,42.1665104,0.224173171,-0.706483914,0.671287472
1,1,Transit,2016,201.1214,,2.08,,,,,5694,0.96,0.98,283.1137663,48.1312774,0.151429191,-0.650020657,0.744676001
1,1,Transit,2016,24.7576421,,2.94,,,,,5957,1.08,1.06,293.8817361,49.6831419,0.261943766,-0.591618775,0.762477992
1,1,Transit,2016,10.13202575,,2.19,,,,,4815,0.72,0.75,288.6689428,39.8239935,0.245841352,-0.727605446,0.640431374
1,1,Transit,2016,38.5053398,,2.55,,,,,5629,0.9,0.92,281.6629579,47.5685927,0.136394856,-0.66077688,0.738085604
1,1,Transit,2016,6.77408868,,2.67,,,,,5985,1.11,1.08,293.1444017,46.6662155,0.269729403,-0.63101624,0.727368238
1,1,Transit,2016,26.41045478,,2.69,,,,,5301,0.82,0.86,284.1832668,45.0740897,0.173034122,-0.684664944,0.708020556
1,1,Transit,2016,14.37508035,,1.71,,,,,5913,1.04,1.04,296.7558056,46.9982799,0.30703799,-0.608998673,0.731333227
1,2,Transit,2016,56.1886887,,2.09,,,,,5754,1.13,1.08,288.6462564,50.7889645,0.202122885,-0.598995875,0.774822742
1,2,Transit,2016,3.18897601,,0.99,,,,,5754,1.13,1.08,288.6462564,50.7889645,0.202122885,-0.598995875,0.774822742
1,1,Transit,2016,6.92101021,,1.61,,,,,4651,0.7,0.75,281.8983042,42.1657112,0.152818407,-0.725281701,0.671277133
1,1,Transit,2016,3.27346074,,0.95,,,,,3864,0.49,0.51,287.3469567,47.7729078,0.20038278,-0.641502848,0.740486892
1,2,Transit,2013,5.4122,0.066,4.81,,0.47,,1418,6397,1.58,1.28,287.8872376,46.2761224,0.212293355,-0.65777379,0.722679163
1,2,Transit,2014,7.1262,,1.31,4.6,,161,,5827,0.89,0.96,287.8872376,46.2761224,0.212293355,-0.65777379,0.722679163
1,2,Transit,2016,15.3787546,,1.6,,,,,6010,1.13,1.09,282.9249847,48.6264015,0.147841705,-0.644219745,0.750415718
1,2,Transit,2016,21.1284569,,1.48,,,,,6010,1.13,1.09,282.9249847,48.6264015,0.147841705,-0.644219745,0.750415718
1,1,Transit,2016,25.96200249,,3.4,,,,,6675,1.73,1.43,295.1581062,40.8988186,0.321332338,-0.684164018,0.654725228
1,1,Transit,2016,34.8538276,,2.93,,,,,5888,1.03,1.03,295.34273,46.6022134,0.29408342,-0.620939303,0.726601213
1,1,Transit,2016,2.41435165,,0.98,,,,,4529,0.69,0.74,291.4186349,39.1273664,0.283286266,-0.722169876,0.631046401
1,1,Transit,2016,4.30655689,,2.63,,,,,6209,1.34,1.22,290.6011085,44.5563604,0.250721414,-0.666994329,0.701610531
1,1,Transit,2016,2.29503623,,1.23,,,,,5723,0.94,0.98,290.4867838,44.932541,0.247772439,-0.66316378,0.706273757
1,1,Transit,2016,27.495606,,3.01,,,,,6127,1.2,1.12,299.5259832,46.8992561,0.336734429,-0.594546826,0.730153405
1,1,Transit,2016,14.08827448,,3.36,,,,,5987,1.1,1.07,297.4521311,41.5580816,0.344964276,-0.664024123,0.663378935
1,1,Transit,2016,110.96546,,2.72,,,,,4644,0.69,0.73,294.5956256,45.8750556,0.289776919,-0.633055377,0.717823256
1,1,Transit,2016,3.76419105,,1.73,,,,,4906,0.72,0.75,289.2202147,41.7064385,0.245768541,-0.70495019,0.665314252
1,4,Transit,2014,6.16486,,0.82,5.3,,,,5858,1.04,1,300.864006,44.3375497,0.366916988,-0.613948558,0.698884176
1,4,Transit,2014,13.5708,,2.5,10.44,,,,5858,1.04,1,300.864006,44.3375497,0.366916988,-0.613948558,0.698884176
1,4,Transit,2014,23.9802,,0.95,8.1,,,,5858,1.04,1,300.864006,44.3375497,0.366916988,-0.613948558,0.698884176
1,4,Transit,2014,43.8445,,2.56,11.17,,,,5858,1.04,1,300.864006,44.3375497,0.366916988,-0.613948558,0.698884176
1,1,Transit,2016,46.8779367,,2.38,,,,,5797,0.99,0.99,286.0252285,39.6309204,0.212613348,-0.740240544,0.637839714
1,1,Transit,2016,2.75798267,,1.98,,,,,6067,1.07,1.09,296.2300306,50.2752091,0.282467203,-0.573290448,0.769123099
1,1,Transit,2016,9.30412078,,1.76,,,,,4597,0.7,0.75,283.8994187,41.221594,0.180684103,-0.730142353,0.658972988
2,1,Transit,2016,14.07971466,,1.49,,,,,5945,1.14,1.09,290.5267975,38.1428283,0.275773363,-0.736539022,0.617623933
1,1,Transit,2016,16.54080322,,1.55,,,,,5153,0.79,0.85,291.7415821,37.6888103,0.293130024,-0.735049964,0.611372505
1,2,Transit,2016,3.60930891,,3.73,,,,,5635,0.93,0.94,294.511319,38.7904648,0.323369539,-0.709198377,0.626474105
1,2,Transit,2016,2.37030743,,1.6,,,,,5635,0.93,0.94,294.511319,38.7904648,0.323369539,-0.709198377,0.626474105
1,1,Transit,2016,1.93155984,,2.36,,,,,5762,0.98,0.98,298.866621,46.5022325,0.332304862,-0.602798963,0.725401192
1,1,Transit,2016,0.76212926,,0.8,,,,,5592,0.93,0.95,285.3873706,45.0490265,0.187465644,-0.681176159,0.707711575
1,1,Transit,2016,16.92344113,,3.63,,,,,5806,1.01,1.01,294.6481708,46.3923173,0.287642928,-0.626873664,0.724079385
1,1,Transit,2016,23.8990296,,1.6,,,,,5722,0.98,0.99,290.9792378,47.9889097,0.239620077,-0.624908388,0.743015293
1,4,Transit,2014,3.1800218,0.04544,1.536,3.51,0,,1593,5854,1.45,1.24,297.028162,48.2086019,0.302840416,-0.593636272,0.745576059
1,4,Transit,2014,4.901452,0.06064,1.597,9.39,0,,1379,5854,1.45,1.24,297.028162,48.2086019,0.302840416,-0.593636272,0.745576059
1,4,Transit,2014,7.95839,0.08377,0.86,3.8,0,,1173,5854,1.45,1.24,297.028162,48.2086019,0.302840416,-0.593636272,0.745576059
1,4,Transit,2014,14.749143,0.12639,2.903,8.6,0,,955,5854,1.45,1.24,297.028162,48.2086019,0.302840416,-0.593636272,0.745576059
1,1,Transit,2016,6.2216147,,1.73,,,,,6261,1.32,1.21,293.1953923,49.316541,0.256754472,-0.599186142,0.758322562
1,1,Transit,2016,6.1799844,,2.38,,,,,5215,0.81,0.86,293.0579794,45.2487472,0.27574219,-0.647784564,0.710169982
1,1,Transit,2016,1.5690665,,1.58,,,,,6199,1.32,1.2,292.0443891,46.3289723,0.259168062,-0.640035383,0.723316406
1,2,Transit,2016,8.67888593,,2.3,,,,,5792,1,1,294.1527259,38.2330886,0.32140313,-0.716735442,0.618862129
1,2,Transit,2016,4.02582254,,1.64,,,,,5792,1,1,294.1527259,38.2330886,0.32140313,-0.716735442,0.618862129
1,1,Transit,2016,5.94566534,,1.25,,,,,4002,0.57,0.6,284.4766869,46.2526781,0.172860179,-0.669524434,0.722396284
1,1,Transit,2016,1.52372816,,1.42,,,,,3959,0.54,0.56,287.5011404,47.4691157,0.203286201,-0.644696716,0.736913064
1,1,Transit,2016,6.14727918,,0.8,,,,,4868,0.74,0.79,287.5902594,51.0606047,0.189937026,-0.599110739,0.777811191
1,1,Transit,2016,34.3511874,,2.77,,,,,5816,1.02,1.02,291.0336333,42.2678448,0.26560089,-0.69070183,0.672597316
1,1,Transit,2016,3.00725242,,1.9,,,,,5612,0.92,0.94,293.2005664,43.0500379,0.287882769,-0.671662487,0.68263681
1,1,Transit,2016,13.24503188,,1.63,,,,,5758,1.36,1.08,299.5495794,45.7696769,0.344012527,-0.606814305,0.716541541
2,2,Transit,2014,49.183921,0.292,8.65,,,,,5854,2.19,,294.5589885,46.0623952,0.288395007,-0.631102429,0.720095858
2,2,Transit,2014,190.323494,0.721,8.18,,,,,5854,2.19,,294.5589885,46.0623952,0.288395007,-0.631102429,0.720095858
1,1,Transit,2016,77.2548396,,3.28,,,,,5956,1.16,1.1,296.4644914,49.1828952,0.291293081,-0.58515141,0.756799953
1,1,Transit,2016,3.85691855,,1.01,,,,,5345,0.84,0.88,289.444752,41.3179652,0.250025238,-0.708219052,0.660237196
1,1,Transit,2016,1.5432066,,1.12,,,,,5923,1.14,1.03,289.3586737,50.5984489,0.21040786,-0.598863852,0.77271639
1,1,Transit,2016,33.4177993,,3.36,,,,,5049,0.77,0.81,283.1618831,45.198336,0.160452108,-0.686143959,0.709550272
1,1,Transit,2016,2.05333679,,1.11,,,,,6113,1.28,1.12,290.1019809,48.251146,0.228853181,-0.62530372,0.746070694
1,2,Transit,2016,219.3217528,,7.22,,,,,6000,1.14,1.11,287.4776359,46.1411685,0.208096262,-0.66089641,0.721049153
1,2,Transit,2020,56.7771,,3.268,,,,,5816,1.08,1.05,287.4776359,46.1411685,0.208096262,-0.66089641,0.721049153
2,2,Transit,2016,18.78425728,,2.44,,,,,4350,0.66,0.7,295.251187,45.8429537,0.297172547,-0.630062126,0.717433059
2,2,Transit,2016,161.5163345,,2.94,,,,,4350,0.66,0.7,295.251187,45.8429537,0.297172547,-0.630062126,0.717433059
1,1,Transit,2016,0.69384285,,0.61,,,,,5589,0.94,0.96,294.9789253,46.0056741,0.293313637,-0.629617654,0.71940859
1,1,Transit,2016,23.12748644,,1.42,,,,,5975,1.08,1.08,281.5614578,42.4504087,0.147881471,-0.722890804,0.674951818
1,1,Transit,2016,5.13248562,,1.83,,,,,3753,0.49,0.52,291.0926509,49.1901729,0.235197859,-0.609762357,0.756882973
1,2,Transit,2014,6.48163,,2.37,7.3,,,,5952,1.32,1.04,290.3926795,40.2849074,0.265812885,-0.715028921,0.646588858
1,2,Transit,2014,21.2227,,2.52,21.8,,,,5952,1.32,1.04,290.3926795,40.2849074,0.265812885,-0.715028921,0.646588858
1,1,Transit,2016,198.680179,,2.25,,,,,5321,0.82,0.86,295.6629002,44.5258237,0.308754477,-0.642608927,0.701230661
1,1,Transit,2016,1.43474156,,1.46,,,,,5851,1.03,1.01,299.7854426,43.6707235,0.359311754,-0.627763483,0.690512905
1,1,Transit,2016,58.6017925,,2.07,,,,,5862,1,0.99,297.7232008,47.1126833,0.316596265,-0.602434178,0.732693569
1,2,Transit,2016,25.0824626,,1.95,,,,,6166,1.2,1.13,284.9780251,41.4202077,0.193804834,-0.724400703,0.661576382
1,2,Transit,2016,89.722292,,1.96,,,,,6166,1.2,1.13,284.9780251,41.4202077,0.193804834,-0.724400703,0.661576382
1,1,Transit,2016,78.1000231,,3.18,,,,,6112,1.21,1.14,292.3012109,38.2669983,0.297938991,-0.726406594,0.619326907
1,1,Transit,2016,4.27103091,,1.21,,,,,5658,0.92,0.94,293.2624215,41.3650155,0.296410564,-0.689502086,0.660853728
1,1,Transit,2016,2.89221751,,1.24,,,,,4306,0.63,0.66,294.7094688,45.9695533,0.290538901,-0.631401995,0.718970561
1,1,Transit,2016,187.747029,,3.26,,,,,5211,0.79,0.82,281.5941261,42.5963949,0.147947508,-0.721119377,0.676829652
1,1,Transit,2016,2.54307286,,1.3,,,,,5794,0.99,0.99,295.502673,43.2326992,0.31369152,-0.657588996,0.684963023
1,1,Transit,2016,2.16845259,,2.83,,,,,5837,1,1.01,288.7499866,48.2771163,0.21392698,-0.630209044,0.746372432
1,6,Transit,2010,10.3039,0.091,1.8,1.9,0.045,,,5663,1.06,0.96,297.1150949,41.9091092,0.33919349,-0.662411802,0.667950882
1,6,Transit,2010,13.0241,0.107,2.87,2.9,0.026,,,5663,1.06,0.96,297.1150949,41.9091092,0.33919349,-0.662411802,0.667950882
1,6,Transit,2010,22.6845,0.155,3.12,7.3,0.004,,,5663,1.06,0.96,297.1150949,41.9091092,0.33919349,-0.662411802,0.667950882
1,6,Transit,2010,31.9996,0.195,4.19,8,0.012,,,5663,1.06,0.96,297.1150949,41.9091092,0.33919349,-0.662411802,0.667950882
1,6,Transit,2010,46.6888,0.25,2.49,2,0.013,,,5663,1.06,0.96,297.1150949,41.9091092,0.33919349,-0.662411802,0.667950882
1,6,Transit,2010,118.3807,0.466,3.33,25,0.15,,,5663,1.06,0.96,297.1150949,41.9091092,0.33919349,-0.662411802,0.667950882
1,2,Transit,2014,12.691112,0.107,1.83,,,,,5960,1.15,,292.9291693,48.6028303,0.257627955,-0.609025625,0.750143736
1,2,Transit,2014,31.719775,0.198,2.21,,,,,5960,1.15,,292.9291693,48.6028303,0.257627955,-0.609025625,0.750143736
1,1,Transit,2016,6.42200058,,1.75,,,,,6247,1.34,1.21,291.8713535,44.0873907,0.267576213,-0.666579563,0.695754739
1,1,Transit,2016,81.3151059,,2.47,,,,,5614,0.91,0.94,294.5693544,45.6711623,0.290546913,-0.635507334,0.715341122
1,1,Transit,2016,51.3285623,,2.66,,,,,5724,0.94,0.96,281.3225917,48.0664955,0.131202856,-0.655261408,0.743920895
1,1,Transit,2016,19.79191978,,2.27,,,,,6092,1.15,1.11,287.3821348,49.4524247,0.194206773,-0.620392398,0.759866437
1,1,Transit,2016,5.03728015,,1.23,,,,,6417,1.41,1.3,294.4685197,49.3309789,0.269924913,-0.593159598,0.758486804
1,1,Transit,2016,4.42157218,,2.01,,,,,4299,0.68,0.71,281.1117588,42.4549698,0.142192846,-0.723976482,0.675010554
1,1,Transit,2016,1.25275217,,1.65,,,,,6104,1.17,1.11,291.1451576,44.0624715,0.259215511,-0.670199491,0.695442278
1,1,Transit,2016,0.57103852,,1.34,,,,,5268,0.82,0.86,291.049934,39.141674,0.278576629,-0.723830783,0.631240097
1,1,Transit,2016,4.51005748,,1.46,,,,,5406,0.84,0.88,296.0422962,45.98514,0.305060905,-0.624297442,0.719159612
1,1,Transit,2016,37.6467384,,2.19,,,,,5893,1.06,1.05,291.6462654,39.3966122,0.285056104,-0.718274456,0.634684822
1,2,Transit,2014,3.341815,0.046,1.58,,,,,5952,1.16,,291.653163,44.6882613,0.26232901,-0.660775491,0.70324906
1,2,Transit,2014,224.784608,0.761,7.3,,,,,5952,1.16,,291.653163,44.6882613,0.26232901,-0.660775491,0.70324906
1,1,Transit,2016,9.69312032,,2.66,,,,,4781,0.7,0.73,291.8080645,38.6226615,0.290242005,-0.725360671,0.624188653
1,1,Transit,2016,8.79617863,,2,,,,,6077,1.15,1.1,295.4634045,45.8127697,0.299666639,-0.629298261,0.717065969
1,1,Transit,2016,14.36267939,,3.02,,,,,6496,1.54,1.34,296.9687937,47.7514799,0.304913135,-0.599232337,0.740235494
1,1,Transit,2016,42.3004954,,2.81,,,,,5931,1.17,1.12,289.4066969,39.338813,0.256982328,-0.72946872,0.633904938
1,1,Transit,2016,14.97435694,,1.35,,,,,5374,0.83,0.87,299.2370531,45.8347781,0.340299615,-0.607970893,0.717333649
1,1,Transit,2016,23.5540725,,1.7,,,,,8480,1.73,1.6,294.9917723,40.1443964,0.322959234,-0.692848053,0.644716146
1,1,Transit,2016,41.6977827,,2.54,,,,,5641,0.93,0.95,291.9336573,44.1154992,0.268173368,-0.665971503,0.696107033
1,1,Transit,2016,4.79028459,,1.11,,,,,5612,0.93,0.95,292.0847866,49.2374206,0.245485988,-0.605019894,0.757421651
1,1,Transit,2016,38.6715075,,2.74,,,,,5688,0.97,0.96,299.9656619,44.1608805,0.358320817,-0.621489739,0.69667546
1,1,Transit,2016,8.3265153,,1.92,,,,,6083,1.17,1.11,297.0191018,44.3274936,0.324977996,-0.637279903,0.698758633
1,2,Transit,2014,8.408878,0.076,2.36,,,,,5544,0.84,,296.9811361,43.2097025,0.330678371,-0.649521414,0.68467054
1,2,Transit,2014,28.574263,0.172,2.4,,,,,5544,0.84,,296.9811361,43.2097025,0.330678371,-0.649521414,0.68467054
1,1,Transit,2016,2.94902905,,1.38,,,,,4904,0.74,0.78,290.9144516,42.2865522,0.264085171,-0.69104764,0.672838897
1,1,Transit,2016,13.15141081,,1.91,,,,,6231,1.59,1.29,297.7865467,47.8861542,0.312622338,-0.593278644,0.741813808
1,1,Transit,2016,42.1917357,,2.04,,,,,5544,0.89,0.92,288.2805801,46.3408747,0.216547692,-0.655524952,0.723459836
1,1,Transit,2016,4.33946454,,1.67,,,,,5500,0.9,0.93,294.5177291,50.6703927,0.263003001,-0.576634507,0.77351281
1,1,Transit,2016,2.85234897,,1.28,,,,,3658,0.34,0.35,286.5942529,37.8912836,0.225382978,-0.75630925,0.61416515
1,1,Transit,2016,17.6700642,,1.84,,,,,5683,0.94,0.95,295.4812018,40.7319316,0.326004321,-0.684059766,0.65252082
1,1,Transit,2016,108.593329,,1.73,,,,,5798,0.93,0.92,285.691955,45.6893993,0.188932889,-0.67251263,0.715563503
1,1,Transit,2016,5.12330347,,1.96,,,,,5664,0.95,0.97,293.2173563,42.7205846,0.2896222,-0.67517429,0.678423658
1,1,Transit,2016,61.6178167,,3.65,,,,,5543,0.91,0.94,293.063315,39.4034052,0.302702129,-0.710936211,0.634776437
1,2,Transit,2016,24.3397804,,2.96,,,,,5831,1,1,291.6044965,41.3093275,0.276574025,-0.698386114,0.660123962
1,2,Transit,2016,76.5369586,,2.73,,,,,5831,1,1,291.6044965,41.3093275,0.276574025,-0.698386114,0.660123962
1,2,Transit,2014,4.754,,1.82,11.7,,,,4725,0.69,0.75,287.9978721,50.9441847,0.194682294,-0.599246217,0.776532534
1,2,Transit,2014,8.92507,,2.18,8.7,,,,4725,0.69,0.75,287.9978721,50.9441847,0.194682294,-0.599246217,0.776532534
2,1,Transit,2016,5.45298175,,0.8,,,,,5403,0.81,0.9,285.207421,45.384333,0.184235758,-0.677753282,0.711834022
1,1,Transit,2016,3.53232449,,1.59,,,,,5851,1.04,1.03,295.6514492,49.2612954,0.282512025,-0.588291832,0.757693656
1,1,Transit,2016,62.8916228,,2.35,,,,,5298,0.83,0.87,286.3675188,48.4238906,0.187004912,-0.636720632,0.748074863
1,1,Transit,2016,11.55562343,,1.97,,,,,5569,0.9,0.93,293.3224114,42.8674925,0.290170053,-0.673042535,0.680305142
1,1,Transit,2016,17.13263989,,2.64,,,,,5281,0.81,0.84,295.5678578,42.4781064,0.31830537,-0.665312116,0.675308433
1,1,Transit,2016,76.957857,,1.85,,,,,5656,0.94,0.96,286.0029904,44.7565551,0.195767043,-0.682586353,0.704095971
1,1,Transit,2016,2.36172433,,1.64,,,,,4512,0.68,0.72,284.1078441,44.2458047,0.174609469,-0.694746863,0.697738009
1,1,Transit,2016,23.9210791,,2.2,,,,,6807,1.84,1.5,287.1302407,48.665347,0.194533824,-0.631156566,0.750864821
1,1,Transit,2016,3.17060005,,1.7,,,,,5582,0.92,0.95,285.8993164,48.307285,0.182212347,-0.63969038,0.746722758
1,1,Transit,2016,0.81316672,,1.19,,,,,5550,0.91,0.94,287.9455985,39.2305281,0.23866733,-0.736922571,0.632442116
1,3,Transit,2014,5.188549,0.053,1.26,,,,,4605,0.67,,294.121482,48.3497977,0.271596171,-0.606550623,0.747216074
1,3,Transit,2013,8.041,,1.6,2.8,,,,,0.54,0.56,294.121482,48.3497977,0.271596171,-0.606550623,0.747216074
1,3,Transit,2013,11.776,,2.53,3.9,,,,,0.54,0.56,294.121482,48.3497977,0.271596171,-0.606550623,0.747216074
1,1,Transit,2016,24.0862707,,2.77,,,,,4850,0.73,0.76,281.6940529,46.946521,0.138369584,-0.668510877,0.730716816
1,1,Transit,2016,2.34451194,,0.82,,,,,5791,1.07,1.01,290.5436836,47.7259073,0.236057121,-0.62989899,0.739935334
1,1,Transit,2016,18.3027248,,1.47,,,,,5685,0.96,0.97,292.7144796,44.0822816,0.27737978,-0.66262729,0.695690687
1,2,Transit,2016,2.88890485,,1.67,,,,,5053,0.77,0.81,287.302772,39.2896399,0.230190439,-0.738930495,0.633240938
1,2,Transit,2016,210.630591,,3.6,,,,,5053,0.77,0.81,287.302772,39.2896399,0.230190439,-0.738930495,0.633240938
1,1,Transit,2016,17.14647302,,1.99,,,,,5753,0.96,0.98,290.0432936,47.2578857,0.232610802,-0.637593492,0.734415927
1,1,Transit,2016,3.97076766,,1.4,,,,,5064,0.75,0.79,295.3081524,43.0444026,0.312417799,-0.660681641,0.682564934
1,1,Transit,2016,2.3522658,,1.23,,,,,4692,0.7,0.74,286.716712,47.425658,0.19460169,-0.647954498,0.73640013
1,1,Transit,2016,10.62784997,,2.61,,,,,5941,1.14,1.09,292.5474753,41.6429221,0.286551505,-0.690178448,0.664486226
1,1,Transit,2016,1.10446351,,1.69,,,,,5054,0.77,0.81,290.9536059,45.7195545,0.249674242,-0.652001149,0.715931054
1,1,Transit,2016,3.73089898,,1.44,,,,,5833,1.01,1.02,294.1891824,45.1515263,0.288970319,-0.643312937,0.708974344
1,2,Transit,2014,2.403679,0.036,1.09,,,,,5979,1.21,,297.7119299,45.261985,0.327316336,-0.623130467,0.710332624
1,2,Transit,2014,8.990889,0.087,2.6,,,,,5979,1.21,,297.7119299,45.261985,0.327316336,-0.623130467,0.710332624
2,1,Transit,2016,2.78786839,,1.02,,,,,4754,0.72,0.76,296.7244553,49.5326846,0.291861847,-0.579686165,0.760776322
1,1,Transit,2016,65.6478424,,2.22,,,,,5470,0.85,0.88,292.2477819,47.8784257,0.253937851,-0.620775361,0.741723344
1,1,Transit,2016,1.64680191,,0.87,,,,,3964,0.53,0.55,290.4341483,44.1077802,0.250686875,-0.672848978,0.696010305
1,1,Transit,2016,1.75583533,,1.73,,,,,5470,0.88,0.91,289.1471849,45.86613,0.228395802,-0.657815202,0.717714788
1,2,Transit,2016,5.1856142,,2.34,,,,,6327,1.43,1.26,297.4771158,39.8772345,0.354083196,-0.680851295,0.641144761
1,2,Transit,2016,8.45808312,,2.36,,,,,6327,1.43,1.26,297.4771158,39.8772345,0.354083196,-0.680851295,0.641144761
1,1,Transit,2016,33.469743,,2.03,,,,,5842,1.03,1.03,288.8206058,39.5228712,0.248848886,-0.730127972,0.636386185
1,1,Transit,2016,11.89520511,,1.32,,,,,5778,1,1,288.9240901,46.0575865,0.225053659,-0.656427206,0.72003762
1,1,Transit,2016,4.45743164,,1.09,,,,,4679,0.71,0.76,283.1209268,43.5255701,0.164595328,-0.706137858,0.688678229
1,1,Transit,2016,13.5396293,,2.34,,,,,6203,1.95,1.41,292.2339048,41.5751832,0.283067063,-0.692463059,0.663602253
1,1,Transit,2016,22.70816791,,2.37,,,,,6217,1.28,1.19,294.266325,45.2042317,0.289568056,-0.642328464,0.709622777
1,2,Transit,2014,5.968734,0.069,3.42,,,,,6142,1.45,,294.7420605,43.5367842,0.303408734,-0.658384364,0.688820128
1,2,Transit,2014,13.07163,0.116,2.3,,,,,6142,1.45,,294.7420605,43.5367842,0.303408734,-0.658384364,0.688820128
1,1,Transit,2016,7.97034958,,2.14,,,,,5519,0.89,0.92,287.8793899,43.3640752,0.223201031,-0.691894543,0.686631809
1,1,Transit,2016,10.71252541,,2.13,,,,,4253,0.57,0.59,299.0770621,45.4405583,0.340991191,-0.613217839,0.712522905
1,1,Transit,2016,32.5637069,,2.21,,,,,5390,0.84,0.89,283.2920273,45.4339813,0.16133792,-0.682931887,0.712442358
1,1,Transit,2016,6.11786898,,1.03,,,,,6302,1.35,1.22,290.235863,50.0300654,0.222191885,-0.602735396,0.766381634
1,1,Transit,2016,3.97599768,,1.12,,,,,5183,0.79,0.85,287.5296372,38.8945065,0.234424258,-0.742159941,0.627888437
1,1,Transit,2016,9.478522,,1.55,,,,,6080,1.18,1.13,286.9712284,44.7082669,0.207446664,-0.679748113,0.703497253
1,1,Transit,2016,33.2406882,,1.69,,,,,5446,0.86,0.9,290.3484956,50.9028387,0.219291127,-0.591282402,0.776077653
1,1,Transit,2016,1.00393374,,1.71,,,,,4971,0.75,0.79,298.3026595,47.6939654,0.319131735,-0.592626051,0.739560207
1,1,Transit,2016,55.8226539,,2.5,,,,,5157,0.82,0.87,287.2977834,47.455488,0.201048846,-0.645581495,0.736752261
1,1,Transit,2016,6.11009134,,0.94,,,,,6191,1.23,1.24,294.9115874,46.4914718,0.289993669,-0.624407188,0.725271905
1,2,Transit,2014,18.7959228,0.1445,8.059,29.875,0.0493,,984,6150,1.61,1.13,288.7930651,48.040176,0.215393245,-0.632964618,0.743613839
1,2,Transit,2014,50.790391,0.2804,12.341,584.78,0.0323,,704,6150,1.61,1.13,288.7930651,48.040176,0.215393245,-0.632964618,0.743613839
1,1,Transit,2016,9.98969327,,2.41,,,,,5069,0.76,0.8,292.1685422,43.7795963,0.272436498,-0.668634411,0.691886103
1,1,Transit,2016,1.44259224,,2.56,,,,,7044,1.95,1.58,294.9589285,38.5915968,0.329815614,-0.708617614,0.623764969
1,1,Transit,2016,26.0204423,,3.2,,,,,5558,0.89,0.92,290.4744875,37.7665499,0.27651365,-0.740574461,0.612445645
1,1,Transit,2016,0.7698536,,0.89,,,,,5252,0.82,0.86,293.1311803,45.6634153,0.274543267,-0.642688298,0.715246633
1,1,Transit,2016,6.89225223,,1.59,,,,,5936,1.04,1.04,281.8314296,42.298891,0.151651437,-0.72393043,0.672998197
1,1,Transit,2016,37.94563,,2.99,,,,,5453,0.86,0.9,289.1426847,46.8129656,0.224423809,-0.646539134,0.729123517
1,1,Transit,2016,24.1738579,,2.45,,,,,5844,1.02,1.01,297.919724,45.2742038,0.329503142,-0.62180543,0.710482713
1,1,Transit,2016,106.247547,,1.9,,,,,5712,0.97,0.98,286.6714813,49.4062964,0.186672598,-0.623339254,0.759342818
1,1,Transit,2016,31.80634,,1.07,,,,,4990,0.75,0.8,288.4561183,45.8022258,0.220698499,-0.66128097,0.71693769
1,1,Transit,2016,2.68505749,,1.32,,,,,5212,0.81,0.84,284.0974305,47.8104856,0.163578978,-0.651358839,0.740927514
1,2,Transit,2014,7.518496,0.073,1.96,,,,,5274,1.09,,299.2131881,41.4248195,0.365959789,-0.654454169,0.661636738
1,2,Transit,2014,20.17202,0.141,7.68,,,,,5274,1.09,,299.2131881,41.4248195,0.365959789,-0.654454169,0.661636738
1,1,Transit,2016,16.8601286,,1.99,,,,,6077,1.14,1.09,295.8874773,43.1559952,0.318500922,-0.656291778,0.683987035
1,1,Transit,2016,4.89337519,,1.57,,,,,6176,1.3,1.17,289.7473165,39.5234131,0.26062299,-0.726002063,0.636393481
1,1,Transit,2016,11.17394617,,2.41,,,,,5924,1.05,1.04,296.3079895,43.8213706,0.319766949,-0.646772185,0.692412333
1,1,Transit,2016,28.5057189,,2.82,,,,,5765,0.99,1,292.2324228,38.8921946,0.294492071,-0.720465105,0.627857032
1,1,Transit,2016,53.5991044,,2.68,,,,,5983,1.07,1.05,291.282031,46.9659514,0.247695158,-0.635894416,0.730948288
1,1,Transit,2016,104.3518976,,1.33,,,,,5622,0.87,0.96,287.2411783,39.3326977,0.229254833,-0.738722819,0.633822387
1,1,Transit,2016,16.07677615,,2.23,,,,,5635,0.93,0.95,288.4796333,47.1017438,0.215759352,-0.645599295,0.732563616
1,1,Transit,2016,18.87064068,,2.61,,,,,5975,1.09,1.06,286.8919996,38.3185034,0.227973191,-0.750724982,0.620032439
1,1,Transit,2016,17.1369543,,2.08,,,,,5913,1.06,1.04,283.1038438,43.1480487,0.165409977,-0.710591077,0.683885853
1,1,Transit,2016,3.78858982,,1.77,,,,,6012,1.16,1.11,298.4264116,47.9468194,0.318854222,-0.589059365,0.742523434
1,2,Transit,2014,2.422082,0.035,3.6,,,,,5595,0.84,,295.9463854,42.6588324,0.321760225,-0.66127602,0.677631451
1,2,Transit,2014,4.125103,0.049,0.92,,,,,5595,0.84,,295.9463854,42.6588324,0.321760225,-0.66127602,0.677631451
1,1,Transit,2016,10.45843441,,1.33,,,,,4730,0.72,0.76,284.9996582,49.4799506,0.168154638,-0.627576628,0.760178659
1,1,Transit,2016,5.60014851,,1.51,,,,,5308,0.81,0.85,291.6577923,48.0092619,0.246906474,-0.621781472,0.743252981
1,1,Transit,2016,25.2034787,,2.36,,,,,5438,0.83,0.86,282.1405603,43.8964934,0.151548529,-0.704477185,0.693357728
1,1,Transit,2016,2.83265213,,1.32,,,,,5908,1.21,1.08,288.1447323,51.2756446,0.194815379,-0.594466342,0.780164557
1,1,Transit,2016,16.22371307,,1.51,,,,,5590,0.92,0.94,291.6994841,38.1452065,0.290779994,-0.73071701,0.617656577
1,1,Transit,2016,8.49642241,,2.08,,,,,4965,0.71,0.74,284.3510523,40.8529319,0.187480861,-0.732788095,0.654119664
1,1,Transit,2016,66.1849031,,2.23,,,,,5756,0.97,0.98,292.369585,43.9108663,0.274176954,-0.666206716,0.69353847
1,1,Transit,2016,2.03231845,,1.25,,,,,4708,0.72,0.78,291.6693437,42.5907441,0.271843905,-0.684178917,0.676757047
1,1,Transit,2016,7.6847716,,1.47,,,,,5517,0.9,0.93,288.8339659,44.838198,0.228916766,-0.671134172,0.705107111
1,1,Transit,2016,15.0447198,,1.15,,,,,5889,1.17,0.94,293.7258092,47.2469219,0.273138277,-0.621465599,0.734286041
1,1,Transit,2011,4.4379629,0.0553,19.661,137.30256,,,1480,5947,1.48,1.17,286.2434458,50.0403671,0.179649018,-0.616610406,0.766497122
1,2,Transit,2014,6.312501,0.055,2.15,,,,,4096,0.53,,287.8915707,39.3390979,0.237603733,-0.736005516,0.633908784
1,2,Transit,2014,12.794585,0.088,1.53,,,,,4096,0.53,,287.8915707,39.3390979,0.237603733,-0.736005516,0.633908784
1,1,Transit,2016,1.11854972,,1.06,,,,,4612,0.7,0.74,296.6034317,44.1292537,0.321426878,-0.641778631,0.696279362
1,1,Transit,2016,15.18725932,,2.29,,,,,6177,1.24,1.15,294.6147908,40.8331158,0.315142816,-0.687862408,0.653858023
1,1,Transit,2016,28.6851324,,2.94,,,,,5834,1.04,1.03,292.290606,44.6532281,0.269827117,-0.658213864,0.702814226
1,1,Transit,2016,0.58800076,,1.06,,,,,4105,0.61,0.64,292.7734523,44.178088,0.277610969,-0.661267913,0.696890879
1,1,Transit,2016,85.7350285,,3.05,,,,,5825,1.03,1.03,289.4415238,42.4981476,0.245406068,-0.695259621,0.675566371
1,1,Transit,2016,1.07839035,,1.41,,,,,5226,0.81,0.84,290.2796734,41.5150499,0.259529888,-0.702366135,0.662816754
1,1,Transit,2016,1.21699766,,1.64,,,,,4877,0.75,0.8,295.9383737,49.7911337,0.282377578,-0.580543808,0.763696137
1,1,Transit,2016,13.68237119,,1.62,,,,,5909,1.06,1.06,295.0641963,49.3589615,0.275920047,-0.589985689,0.758804991
1,1,Transit,2016,11.08507637,,2.32,,,,,5001,0.76,0.8,291.8812445,44.5557587,0.265562723,-0.661233395,0.701603048
1,1,Transit,2016,25.369116,,1.51,,,,,6210,1.38,1.23,287.5849352,49.1547328,0.197591575,-0.623456279,0.756478577
1,2,Transit,2014,3.177422,0.039,2.34,,,,,5311,0.7,,286.1621273,39.6780204,0.214235397,-0.739226564,0.638472616
1,2,Transit,2014,41.008011,0.216,2.27,,,,,5311,0.7,,286.1621273,39.6780204,0.214235397,-0.739226564,0.638472616
1,1,Transit,2016,8.07124073,,1.7,,,,,5568,0.92,0.94,292.8321598,48.2193376,0.258538924,-0.614074727,0.745700915
1,1,Transit,2016,11.01816836,,2.55,,,,,5705,0.94,0.96,285.7207618,40.8569116,0.204931301,-0.728053497,0.654172201
1,1,Transit,2016,12.94130146,,2.14,,,,,6051,1.15,1.1,296.8534096,50.0373196,0.290127751,-0.573027415,0.76646296
1,1,Transit,2016,5.34982412,,1.19,,,,,6050,1.21,1.14,289.4858423,50.9441967,0.210177255,-0.59398867,0.776532666
1,1,Transit,2016,18.82634264,,2.36,,,,,5130,0.8,0.85,285.1427113,49.8006565,0.16860685,-0.623037767,0.763803424
1,1,Transit,2016,4.76703963,,1.22,,,,,5616,0.93,0.95,297.4636477,48.1813978,0.307506877,-0.591631399,0.745259558
1,1,Transit,2016,4.37034536,,1.39,,,,,5743,0.98,0.99,287.4052661,45.917979,0.208099931,-0.663833868,0.718344635
1,1,Transit,2016,2.03232507,,1.99,,,,,5905,1.08,1.06,289.1866841,50.9375614,0.207102568,-0.595162896,0.776459692
1,1,Transit,2016,22.9221266,,1.44,,,,,5986,1.1,1.06,291.5788505,44.5316825,0.262177608,-0.662899857,0.701303559
1,1,Transit,2016,16.10467749,,2.12,,,,,5944,1.94,1.25,297.2158443,47.3785082,0.309691328,-0.602184489,0.735843137
1,5,Transit,2014,5.766193,0.064,2.34,,,,,6050,1.22,,291.1118647,39.9490248,0.27612742,-0.71515996,0.642105817
1,5,Transit,2014,12.465988,0.108,5.87,,,,,6050,1.22,,291.1118647,39.9490248,0.27612742,-0.71515996,0.642105817
1,5,Transit,2014,21.587475,0.155,2.2,,,,,6050,1.22,,291.1118647,39.9490248,0.27612742,-0.71515996,0.642105817
1,5,Transit,2014,37.993273,0.227,2.6,,,,,6050,1.22,,291.1118647,39.9490248,0.27612742,-0.71515996,0.642105817
1,5,Timing Variation,2014,56.268,,1.75,36,,,,,0.95,1.03,291.1118647,39.9490248,0.27612742,-0.71515996,0.642105817
1,1,Transit,2016,7.42693741,,1.52,,,,,5842,0.99,1,297.070398,42.9777396,0.332948596,-0.651468364,0.681714165
1,1,Transit,2016,12.00096042,,1.88,,,,,5194,0.82,0.87,285.8223636,45.7118423,0.19038664,-0.671811144,0.715837072
1,1,Transit,2016,1.91694425,,0.79,,,,,5239,0.8,0.84,294.889616,49.3798215,0.274004792,-0.590573035,0.75904207
1,1,Transit,2016,16.301259,,1.22,,,,,4870,0.75,0.8,285.2956462,44.5527542,0.18798497,-0.687362529,0.701565681
1,1,Transit,2016,13.32351601,,1.33,,,,,6155,1.22,1.18,286.6257591,37.537313,0.22688013,-0.759806406,0.609277959
1,1,Transit,2016,7.01075434,,1.82,,,,,6140,1.19,1.13,290.6332748,40.1369671,0.269400486,-0.715466473,0.644617021
1,1,Transit,2016,17.2923453,,1.45,,,,,5923,1.02,1.02,296.3768521,50.6214592,0.281865201,-0.568390235,0.772971247
1,1,Transit,2016,94.2887577,,2.29,,,,,5747,0.95,0.97,287.0664109,41.8749712,0.218526112,-0.711814776,0.66750735
1,1,Transit,2016,0.57736958,,1.54,,,,,5063,0.74,0.78,296.552761,46.9661945,0.305060927,-0.610449178,0.730951184
1,1,Transit,2016,86.828989,,1.4,,,,,3784,0.51,0.54,297.4868347,46.9966782,0.314792356,-0.605049891,0.731314161
1,2,Transit,2014,17.232366,0.135,2.94,,,,,6089,1.26,,296.9985853,42.7819633,0.333187328,-0.653956866,0.679210293
1,2,Transit,2014,26.695074,0.181,1.48,,,,,6089,1.26,,296.9985853,42.7819633,0.333187328,-0.653956866,0.679210293
1,1,Transit,2016,9.95661537,,2.71,,,,,5961,1.08,1.06,283.2645129,41.7114526,0.171283332,-0.726589313,0.665379584
1,1,Transit,2016,10.41725184,,1.42,,,,,5778,1,1.01,288.5882888,42.6056644,0.234621083,-0.697634111,0.676948739
1,1,Transit,2016,26.7839183,,1.93,,,,,5471,0.89,0.92,296.5500966,49.102307,0.29264253,-0.585667167,0.755879832
1,1,Transit,2016,45.1263042,,2.6,,,,,6198,1.25,1.16,297.3750954,46.6622201,0.315569356,-0.609443224,0.727320382
1,1,Transit,2016,11.94014029,,2.81,,,,,4967,0.76,0.8,287.5220359,51.3759464,0.187931801,-0.595245168,0.78125849
1,1,Transit,2016,4.16055856,,0.79,,,,,5541,0.9,0.93,284.9030677,43.9540616,0.185146254,-0.695680874,0.694081398
1,1,Transit,2016,31.0571618,,2.14,,,,,5337,0.82,0.86,295.6247375,42.5458739,0.318620039,-0.664275156,0.676180293
1,1,Transit,2016,84.5733226,,2.86,,,,,5472,0.9,0.94,295.6292745,44.6905815,0.307503814,-0.640969321,0.703277849
1,1,Transit,2016,4.14787559,,1.93,,,,,6386,1.48,1.3,297.9057655,40.1628378,0.357666716,-0.675350534,0.644962152
1,1,Transit,2016,5.19104016,,2.9,,,,,6564,1.57,1.4,293.1273357,42.3200578,0.290416724,-0.679973346,0.673271398
1,3,Transit,2014,3.410493,0.039,0.73,,,,,4984,0.64,,286.7527322,49.0648788,0.18885727,-0.627395594,0.755451984
1,3,Transit,2014,13.821375,0.1,1.75,,,,,4984,0.64,,286.7527322,49.0648788,0.18885727,-0.627395594,0.755451984
1,3,Transit,2014,30.950851,0.17,1.11,,,,,4984,0.64,,286.7527322,49.0648788,0.18885727,-0.627395594,0.755451984
1,1,Transit,2016,4.8663815,,1.15,,,,,5682,0.96,0.98,282.9997682,40.5574322,0.170904601,-0.74028282,0.650209938
1,1,Transit,2016,18.5525701,,2.63,,,,,5261,0.8,0.84,294.5762033,38.4569588,0.325683577,-0.712135917,0.621926557
1,1,Transit,2016,13.62798432,,2.26,,,,,4895,0.74,0.77,284.6062174,41.196344,0.189750352,-0.728138893,0.658641448
1,1,Transit,2016,16.8320729,,1.75,,,,,5667,0.94,0.96,294.009397,42.8807779,0.298154698,-0.669370939,0.680475071
1,1,Transit,2016,3.70428172,,1.35,,,,,6680,1.77,1.46,282.3012505,46.5161814,0.146611468,-0.672350408,0.725568746
1,2,Transit,2016,4.35409304,,1.44,,,,,5306,0.83,0.86,290.7443078,43.260753,0.257942086,-0.681030706,0.685319675
1,2,Transit,2016,2.93658468,,1.44,,,,,5306,0.83,0.86,290.7443078,43.260753,0.257942086,-0.681030706,0.685319675
1,1,Transit,2016,11.32271513,,1.36,,,,,4611,0.69,0.73,287.6572346,48.9822053,0.199068167,-0.625374193,0.754505788
1,1,Transit,2016,13.71220213,,2.33,,,,,5303,0.82,0.86,294.5335974,46.6182365,0.285201081,-0.624845426,0.726793325
1,1,Transit,2016,7.46725407,,1.18,,,,,6149,1.21,1.21,288.0592191,51.3544564,0.193595074,-0.593735607,0.781024313
1,1,Transit,2016,24.3347127,,2.38,,,,,6202,1.28,1.19,296.8948517,44.3717429,0.323351035,-0.637501674,0.699310892
1,2,Transit,2014,4.164389,0.041,2.37,,,,,3810,0.51,,298.2581101,47.6050031,0.319214126,-0.593884746,0.738514218
1,2,Transit,2014,5.774464,0.051,0.74,,,,,3810,0.51,,298.2581101,47.6050031,0.319214126,-0.593884746,0.738514218
1,1,Transit,2016,2.60754383,,1.92,,,,,5717,0.98,0.99,287.7938184,45.9802492,0.212358207,-0.661663626,0.719100297
1,1,Transit,2016,45.0904643,,1.84,,,,,5545,0.89,0.92,292.1151093,49.2563792,0.245711783,-0.604657672,0.757637657
1,1,Transit,2016,15.0540329,,1.67,,,,,5949,1.09,1.06,298.9503634,46.6928437,0.332015562,-0.600197602,0.727687093
1,1,Transit,2016,68.8861915,,1.33,,,,,5850,1.1,0.97,283.8852196,47.6371507,0.161702544,-0.654133245,0.738892404
1,3,Transit,2016,9.99113313,,1.55,,,,,4985,0.75,0.78,285.1733174,48.7700099,0.172508268,-0.636106568,0.752070031
1,3,Transit,2016,3.60084276,,1.3,,,,,4985,0.75,0.78,285.1733174,48.7700099,0.172508268,-0.636106568,0.752070031
1,3,Transit,2016,5.72717226,,1.31,,,,,4985,0.75,0.78,285.1733174,48.7700099,0.172508268,-0.636106568,0.752070031
1,1,Transit,2016,36.2919336,,2.32,,,,,6018,1.12,1.08,295.2392569,42.7264842,0.313233258,-0.66447244,0.678499302
1,1,Transit,2016,12.4127754,,1.49,,,,,6129,1.36,1.17,291.4742443,44.6834119,0.260286106,-0.661646836,0.703188885
1,1,Transit,2016,2.66831376,,1.52,,,,,5502,0.87,0.9,296.0756231,45.6270165,0.307393841,-0.628145204,0.71480251
1,1,Transit,2016,0.98494017,,0.86,,,,,5839,0.99,0.99,285.4049723,49.9948186,0.170768363,-0.619760548,0.765986311
1,1,Transit,2016,0.66308526,,1.43,,,,,5053,0.77,0.8,297.8414628,46.9676288,0.31870434,-0.603417713,0.730968267
1,3,Transit,2014,10.495711,0.099,1.52,,,,,6239,1.36,,289.3473634,44.2084445,0.237474476,-0.676327853,0.697270757
1,3,Transit,2014,21.869741,0.162,1.58,,,,,6239,1.36,,289.3473634,44.2084445,0.237474476,-0.676327853,0.697270757
1,3,Transit,2014,100.283134,0.448,2.5,,,,,6239,1.36,,289.3473634,44.2084445,0.237474476,-0.676327853,0.697270757
1,1,Transit,2016,19.1187753,,1.77,,,,,5961,1.08,1.06,295.5912652,42.5552261,0.318184235,-0.664361629,0.676300539
1,1,Transit,2016,48.4308991,,2.26,,,,,5006,0.77,0.82,285.2324786,48.8066963,0.173038437,-0.635463343,0.752491886
1,1,Transit,2016,8.67900242,,1.82,,,,,5771,0.98,0.99,288.7718287,42.2131694,0.238341381,-0.70125322,0.671890845
1,1,Transit,2016,4.55139967,,1.14,,,,,5213,0.8,0.84,286.483626,46.7526182,0.194405283,-0.656990643,0.728402279
1,1,Transit,2016,0.96852602,,1.18,,,,,5791,0.98,0.99,289.8844102,45.2115075,0.239614312,-0.662490387,0.709712244
1,1,Transit,2016,6.49441289,,1.35,,,,,4630,0.69,0.71,284.5858364,47.0795646,0.171491811,-0.659035034,0.732300063
1,1,Transit,2016,28.474748,,2.58,,,,,5044,0.76,0.8,285.8693277,42.7279996,0.200867582,-0.706586546,0.678518731
1,1,Transit,2016,13.0313945,,3.01,,,,,6096,1.2,1.15,299.1695093,43.4410533,0.353888861,-0.634001578,0.687607936
1,1,Transit,2016,40.9903986,,2.03,,,,,5904,1.09,1.06,287.838419,43.1531776,0.223478932,-0.694455166,0.683951161
1,1,Transit,2016,37.3331536,,1.63,,,,,5998,1.15,1.1,287.8055442,45.3405371,0.21493543,-0.669222988,0.711296952
1,3,Transit,2014,14.435889,0.125,1.4,,,,,6106,1.36,,285.1899439,46.0280596,0.181921922,-0.670048685,0.719679911
1,3,Transit,2014,29.393195,0.2,2.66,,,,,6106,1.36,,285.1899439,46.0280596,0.181921922,-0.670048685,0.719679911
1,3,Transit,2014,48.630408,0.28,2.64,,,,,6106,1.36,,285.1899439,46.0280596,0.181921922,-0.670048685,0.719679911
1,1,Transit,2016,6.03356196,,3.32,,,,,5047,3.38,1.28,286.7156676,48.6452552,0.190037655,-0.632799753,0.750633174
1,1,Transit,2016,3.0255955,,1.48,,,,,6143,1.23,1.13,286.3442954,37.4119347,0.223519539,-0.762189334,0.607541303
1,1,Transit,2016,51.1309704,,2.37,,,,,5926,1.09,1.06,285.2197605,38.8058393,0.204576583,-0.75194185,0.626683234
1,1,Transit,2016,28.625653,,2.49,,,,,5566,0.91,0.94,285.8032016,44.8733983,0.192994262,-0.681881826,0.705542621
1,1,Transit,2016,6.98152703,,1.42,,,,,6179,2.17,1.45,284.5936858,46.4497364,0.173599954,-0.666761712,0.724770222
1,1,Transit,2016,3.65691115,,1.48,,,,,6296,1.36,1.23,293.5004955,44.9324455,0.282296031,-0.64922107,0.706272577
1,1,Transit,2016,12.5720095,,1.19,,,,,6188,1.21,1.14,287.8570173,40.5471909,0.233008799,-0.723263804,0.650074126
1,1,Transit,2016,40.8365012,,1.6,,,,,5578,0.92,0.94,295.1025166,40.5723736,0.322245733,-0.687842326,0.650408043
1,1,Transit,2016,3.23941344,,1.01,,,,,6074,1.16,1.11,282.9569197,42.8255589,0.164447739,-0.714752872,0.679768544
1,1,Transit,2016,23.4774101,,1.75,,,,,6221,1.33,1.21,288.0955917,40.365909,0.236656045,-0.724238772,0.647666671
1,2,Transit,2013,15.09,,1.43,0.77,,,,,1.61,1.09,282.4922622,43.9802442,0.155650584,-0.702543403,0.694410298
1,2,Transit,2013,22.804,,1.34,0.9,,,,,1.61,1.09,282.4922622,43.9802442,0.155650584,-0.702543403,0.694410298
1,1,Transit,2016,66.5579057,,1.87,,,,,6227,1.32,1.2,293.5738933,45.3844919,0.280890156,-0.643731522,0.71183597
1,1,Transit,2016,3.11602791,,1.64,,,,,5353,0.83,0.87,295.3543571,48.5153932,0.283657924,-0.598612445,0.749133715
1,1,Transit,2016,2.13194651,,1.55,,,,,5504,0.89,0.92,290.1761688,46.6983036,0.236551544,-0.643754406,0.727752452
1,1,Transit,2016,12.9460978,,1.91,,,,,6175,1.25,1.16,295.4623336,40.7769335,0.325558596,-0.683704145,0.653115795
1,1,Transit,2016,0.66407381,,1.21,,,,,5123,0.79,0.84,291.2789549,47.6875766,0.244300487,-0.627279034,0.739485149
1,1,Transit,2016,14.7967458,,0.97,,,,,6170,1.28,1.2,281.8353366,44.1558825,0.147148221,-0.702195058,0.696612878
1,1,Transit,2016,11.25402929,,2.15,,,,,5753,0.98,1,280.2583709,43.8357433,0.128459418,-0.709797645,0.692593301
1,1,Transit,2016,11.47685909,,1.54,,,,,5715,0.94,0.96,289.1346298,47.063018,0.223287733,-0.643558268,0.73210337
1,1,Transit,2016,2.76122421,,1.12,,,,,6132,1.29,1.2,285.7135,41.6058799,0.20250566,-0.719785759,0.664002951
1,1,Transit,2016,7.99019627,,1.52,,,,,6080,1.17,1.1,296.388767,41.040509,0.335231647,-0.675652343,0.656592456
1,2,Transit,2014,15.79186,0.131,2.37,,,,,5770,1.64,,285.3111845,47.8484775,0.17720986,-0.647273692,0.741372668
1,2,Transit,2014,82.20017,0.393,2.55,,,,,5770,1.64,,285.3111845,47.8484775,0.17720986,-0.647273692,0.741372668
1,1,Transit,2016,4.69500134,,1.42,,,,,5660,0.93,0.95,290.6852287,43.8596155,0.254695487,-0.674557942,0.692893781
1,1,Transit,2016,8.63043276,,1.66,,,,,5216,0.8,0.84,289.3770051,40.0010791,0.254156166,-0.722641117,0.642802037
1,1,Transit,2016,3.27646405,,1.82,,,,,5556,0.93,0.95,284.9057222,43.9491434,0.185193809,-0.695729867,0.6940196
1,1,Transit,2016,5.57654784,,0.97,,,,,6241,1.28,1.18,290.0258783,48.3359227,0.227644147,-0.62456929,0.747055115
1,1,Transit,2016,115.6862258,,3.19,,,,,5776,0.97,0.99,291.2681037,44.4881624,0.258771645,-0.664808252,0.700761888
1,1,Transit,2016,3.81371974,,1.55,,,,,5486,0.89,0.92,291.3978451,45.588553,0.255318483,-0.651568114,0.714332881
1,1,Transit,2016,8.3839865,,0.91,,,,,5359,0.83,0.87,292.1251038,41.4077928,0.282480589,-0.694792339,0.661413882
1,1,Transit,2016,1.68189002,,0.97,,,,,5818,0.99,0.99,289.9564415,47.0203466,0.232681239,-0.640801812,0.731595843
1,1,Transit,2016,7.12811928,,1.31,,,,,6339,2,1.45,284.4227535,49.1061907,0.163058908,-0.634027116,0.755924208
1,1,Transit,2016,19.9400874,,2.98,,,,,5609,0.91,0.94,286.1501263,37.4113438,0.220937027,-0.762948457,0.607533111
2,3,Transit,2014,8.457458,0.079,1.02,,,,,5884,1.13,,288.4505905,40.2452006,0.241570087,-0.724051318,0.646060045
2,3,Transit,2014,27.50868,0.178,2.9,,0,,683,5879,1.17,1,288.4505905,40.2452006,0.241570087,-0.724051318,0.646060045
2,3,Transit,2014,87.517905,0.377,1.64,,,,,5884,1.13,,288.4505905,40.2452006,0.241570087,-0.724051318,0.646060045
1,1,Transit,2016,22.2419092,,1.37,,,,,6130,1.79,1.29,289.0330532,40.0869182,0.249499193,-0.723242616,0.643948966
1,1,Transit,2016,9.08237046,,1.4,,,,,5188,0.81,0.85,286.6041816,42.4403309,0.210884062,-0.707207995,0.674822024
1,1,Transit,2016,8.83922659,,1.43,,,,,5236,0.82,0.86,290.9892462,50.308064,0.228763192,-0.596282977,0.76948945
1,1,Transit,2016,7.56127224,,1.42,,,,,5771,1,1.01,284.287147,42.3555784,0.182366172,-0.716122145,0.673729658
1,1,Transit,2016,16.1288853,,2.29,,,,,5259,0.81,0.85,285.2763652,39.4468274,0.20345934,-0.744929269,0.63536185
1,1,Transit,2016,13.5630972,,1.88,,,,,5701,0.96,0.97,297.3394624,46.3472165,0.31702195,-0.61318218,0.723536245
1,1,Transit,2016,16.29595382,,1.91,,,,,5727,0.97,0.98,294.4783627,46.9458638,0.282871929,-0.62132749,0.730708986
1,1,Transit,2016,18.01621096,,2.47,,,,,5884,1.08,1.06,292.8698348,46.7418679,0.266328944,-0.631416101,0.728273713
1,1,Transit,2016,2.10433812,,0.52,,,,,3468,0.34,0.35,285.9287514,38.5207097,0.214718619,-0.752342491,0.622797472
1,1,Transit,2016,28.8432647,,2.37,,,,,5235,0.8,0.85,298.7351131,40.7641262,0.364130283,-0.664131006,0.652946509
1,2,Transit,2014,16.092,,2.41,16.13,,,,5685,1.03,1.02,288.5308924,40.942373,0.240068311,-0.716205004,0.655299625
1,2,Transit,2014,25.5169,,0.84,8.25,,,,5685,1.03,1.02,288.5308924,40.942373,0.240068311,-0.716205004,0.655299625
1,1,Transit,2016,0.67933627,,1.44,,,,,5549,0.88,0.91,283.9200236,40.7400419,0.182272631,-0.735427278,0.652628077
1,2,Transit,2016,11.1726994,,1.24,,,,,5748,1.4,1.05,289.6512597,43.8244445,0.242624485,-0.679444564,0.69245104
1,2,Transit,2016,2.53573424,,1.22,,,,,5748,1.4,1.05,289.6512597,43.8244445,0.242624485,-0.679444564,0.69245104
1,1,Transit,2016,5.44832529,,2.1,,,,,5719,0.92,0.99,292.9712801,41.0357494,0.294380447,-0.69448454,0.656529798
1,1,Transit,2016,3.83309118,,1.76,,,,,5453,0.85,0.92,292.388582,42.2332767,0.282013549,-0.684603359,0.672150726
1,1,Transit,2016,5.42474928,,5.11,,,,,4188,0.59,0.6,294.2373599,45.1968274,0.289280943,-0.642558384,0.709531718
1,1,Transit,2016,0.84338011,,1.38,,,,,4861,0.75,0.8,295.8215678,46.0530562,0.302282061,-0.624700245,0.719982749
1,1,Transit,2016,87.9732136,,3.54,,,,,5884,1.12,1.04,298.8358277,40.2930714,0.367873833,-0.668169982,0.646697548
1,1,Transit,2016,0.56887443,,1.56,,,,,5144,0.79,0.83,291.6118842,42.1159787,0.273213736,-0.689641169,0.670633516
1,1,Transit,2016,213.257663,,3.11,,,,,4598,0.7,0.73,290.3763246,41.1507928,0.262176246,-0.705863299,0.658043023
2,1,Transit,2016,2.88676265,,1.34,,,,,3655,0.54,0.56,290.9564463,49.3667933,0.23291207,-0.608138015,0.758894013
2,4,Transit,2014,6.178196,0.067,1.21,,,,,6003,1.18,,283.23581,41.343037,0.171895366,-0.730824759,0.660565784
2,4,Transit,2014,6.414914,0.068,1.28,,,,,6003,1.18,,283.23581,41.343037,0.171895366,-0.730824759,0.660565784
2,4,Transit,2014,18.010199,0.136,1.55,,,,,6003,1.18,,283.23581,41.343037,0.171895366,-0.730824759,0.660565784
2,4,Transit,2016,110.2869374,,1.18,,,,,6023,1.1,1.03,283.23581,41.343037,0.171895366,-0.730824759,0.660565784
1,1,Transit,2016,0.86838653,,1.7,,,,,4817,0.74,0.8,288.4335977,40.3808519,0.240870998,-0.722669798,0.647865361
1,2,Transit,2016,11.12830484,,4.92,,,,,4094,0.53,0.54,294.528597,46.6408737,0.285027315,-0.624609028,0.727064641
1,2,Transit,2016,2.22649109,,2.4,,,,,4094,0.53,0.54,294.528597,46.6408737,0.285027315,-0.624609028,0.727064641
1,1,Transit,2016,0.96286738,,1.61,,,,,5488,0.87,0.9,293.2045009,45.4353919,0.276484862,-0.644947588,0.712459634
1,1,Transit,2016,0.92990668,,1.52,,,,,6169,1.4,1.18,292.8722515,46.098729,0.26951609,-0.638896971,0.72053573
1,1,Transit,2016,4.11584468,,1.51,,,,,4776,0.73,0.78,291.1849503,40.3112023,0.275567122,-0.711008329,0.646938882
1,1,Transit,2016,33.8786838,,2.86,,,,,5550,0.91,0.93,285.0171505,42.085312,0.192296526,-0.716802086,0.670236388
1,1,Transit,2016,42.3514267,,4.18,,,,,6725,1.74,1.45,296.222199,39.268942,0.342075626,-0.694510078,0.632961308
1,1,Transit,2016,14.88801098,,1.8,,,,,5885,1.03,1.02,289.0648073,50.4609183,0.207938821,-0.601686471,0.771190532
1,1,Transit,2016,4.52158888,,0.98,,,,,5780,0.99,1,284.6753857,44.4177225,0.180951375,-0.690954818,0.699884305
1,1,Transit,2016,9.33646594,,2.17,,,,,4500,0.69,0.72,281.6476437,48.2709523,0.134381362,-0.651902387,0.746300829
1,2,Transit,2014,8.129976,0.083,1.76,,,,,5736,1.43,,297.2778906,48.3203542,0.304757894,-0.591017066,0.746874457
1,2,Transit,2014,31.517586,0.204,2.84,,,,,5736,1.43,,297.2778906,48.3203542,0.304757894,-0.591017066,0.746874457
1,1,Transit,2016,10.10769068,,1.65,,,,,5608,0.94,0.97,290.5767116,39.9568913,0.26940476,-0.717625267,0.642211065
1,1,Transit,2016,0.78916165,,1.05,,,,,4508,0.69,0.72,297.0737928,41.2244613,0.342324349,-0.669715634,0.659010629
1,1,Transit,2016,11.87456832,,1.37,,,,,5581,0.9,0.95,291.0286411,43.9137055,0.258499133,-0.672408411,0.693574169
1,1,Transit,2016,109.6471842,,2.81,,,,,5628,0.92,0.94,293.5275797,41.111394,0.300763123,-0.690798308,0.657525089
1,1,Transit,2016,15.64591713,,2.29,,,,,5614,0.91,0.94,289.311532,51.3209059,0.206676278,-0.589794231,0.780658492
1,1,Transit,2016,6.26406846,,1.45,,,,,4903,0.74,0.77,284.8384394,42.0703371,0.190104673,-0.717567697,0.670042397
1,2,Transit,2016,23.198681,,1.98,,,,,5512,1.3,0.94,296.2776587,46.8998006,0.302501177,-0.612665945,0.730159899
1,2,Transit,2016,5.77721211,,1.71,,,,,5512,1.3,0.94,296.2776587,46.8998006,0.302501177,-0.612665945,0.730159899
1,1,Transit,2016,24.4002549,,2.41,,,,,4523,0.67,0.7,287.0091176,46.7961229,0.200260805,-0.654650965,0.728922304
1,1,Transit,2016,0.93511806,,0.92,,,,,5909,1.05,1.04,284.0422701,41.6990348,0.181165266,-0.724337253,0.665217777
1,1,Transit,2016,1.34155513,,0.71,,,,,5586,0.93,0.94,283.7457695,48.373469,0.157840539,-0.645247396,0.747490577
1,2,Transit,2014,5.317429,0.06,2,,,,,5983,1.18,,284.7391156,49.5984448,0.16489878,-0.626813044,0.761520715
1,2,Transit,2014,10.105785,0.092,1.26,,,,,5983,1.18,,284.7391156,49.5984448,0.16489878,-0.626813044,0.761520715
1,1,Transit,2016,0.66502692,,1.55,,,,,6331,1.42,1.27,296.2328099,42.4727965,0.326032771,-0.661629404,0.675240079
2,1,Transit,2016,132.9968322,,2.99,,,,,4662,0.72,0.79,280.5116813,44.1593503,0.130880496,-0.705365363,0.6966563
1,1,Transit,2016,2.21571036,,1.66,,,,,5527,0.9,0.93,297.0200549,43.4325382,0.329907257,-0.646919565,0.687500021
1,1,Transit,2016,3.35183158,,1.93,,,,,5759,0.93,0.95,294.294483,50.725385,0.260448654,-0.576977951,0.774120754
1,1,Transit,2016,4.7683049,,1.84,,,,,5981,1.13,1.09,287.0862799,46.9457998,0.200582102,-0.652558283,0.730708223
1,1,Transit,2016,44.6169557,,2.36,,,,,6449,1.55,1.32,292.4779428,46.022821,0.2654776,-0.641618144,0.719616427
1,1,Transit,2016,3.40165668,,1.58,,,,,6133,1.21,1.14,291.841341,45.179185,0.26224636,-0.654293129,0.709314703
1,1,Transit,2016,14.00947528,,1.03,,,,,5193,0.79,0.82,299.6595903,40.8438526,0.374348324,-0.657379342,0.653999796
1,1,Transit,2016,27.5722742,,1.94,,,,,5911,1.04,1.04,292.0874126,49.788709,0.242762047,-0.598227822,0.763668817
1,1,Transit,2016,2.12823928,,0.7,,,,,6086,1.28,1.16,286.3385562,48.7442697,0.185503391,-0.632791082,0.751773861
1,2,Transit,2014,6.00253,0.067,1.81,,,,,6090,1.27,,290.4950939,38.7954956,0.272884647,-0.730053707,0.626542541
1,2,Transit,2014,11.448708,0.103,1.16,,,,,6090,1.27,,290.4950939,38.7954956,0.272884647,-0.730053707,0.626542541
1,2,Transit,2016,4.4968604,,2.52,,,,,3827,0.53,0.55,288.250611,46.6794847,0.214862027,-0.651566236,0.727527147
1,2,Transit,2016,1.76678906,,1.73,,,,,3827,0.53,0.55,288.250611,46.6794847,0.214862027,-0.651566236,0.727527147
1,1,Transit,2016,0.91614077,,0.65,,,,,4439,0.67,0.7,293.6084289,42.1978746,0.296690246,-0.678824916,0.671693109
1,1,Transit,2016,1.87788275,,0.89,,,,,6118,1.16,1.11,290.6937988,48.7014417,0.233220484,-0.617402183,0.75128074
1,1,Transit,2016,24.7543966,,1.8,,,,,4776,0.72,0.76,295.7353911,42.5762317,0.319746727,-0.663335751,0.676570553
1,1,Transit,2016,76.613377,,2.97,,,,,6168,1.24,1.16,291.2451266,37.7590079,0.286478415,-0.736863558,0.612341583
1,1,Transit,2016,1.28958811,,1.46,,,,,5352,0.83,0.88,283.7414249,49.0679833,0.155627775,-0.636410761,0.755487484
1,1,Transit,2016,0.63400294,,1.53,,,,,5106,0.78,0.82,290.9953825,43.2438792,0.260996234,-0.680082248,0.685105176
1,1,Transit,2016,3.0091324,,1.28,,,,,5597,0.9,0.93,291.5480665,50.3532584,0.234344918,-0.593458736,0.769992979
1,1,Transit,2016,7.06317341,,1.12,,,,,5181,0.79,0.82,286.1705469,43.0089,0.203650618,-0.702317382,0.682111956
1,1,Transit,2016,59.4970952,,2.83,,,,,4709,0.72,0.78,289.538818,41.8928154,0.248959596,-0.70152937,0.667739217
2,2,Transit,2014,11.5789,0.106,2.05,,,,,6165,1.35,,296.4673039,42.5987984,0.32807526,-0.658958605,0.676860532
2,2,Transit,2014,16.399235,0.133,1.99,,,,,6165,1.35,,296.4673039,42.5987984,0.32807526,-0.658958605,0.676860532
1,1,Transit,2016,40.5286413,,3.4,,,,,6778,1.83,1.51,300.3440482,45.6231826,0.353317719,-0.603565124,0.714755714
1,1,Transit,2016,3.57554956,,0.86,,,,,5131,0.79,0.83,283.5653603,46.9042278,0.160252263,-0.664160098,0.730212693
1,1,Transit,2016,136.205626,,2.6,,,,,4857,0.74,0.8,288.5385574,40.8771276,0.240401222,-0.716879916,0.654439026
1,1,Transit,2016,2.94194094,,1.25,,,,,4839,0.72,0.76,296.9964872,49.2563228,0.296273116,-0.581556872,0.757637014
1,1,Transit,2016,13.32196237,,2.15,,,,,6805,1.79,1.49,295.1521334,49.5876179,0.275535951,-0.586815713,0.761398226
1,2,Transit,2016,7.69993485,,0.92,,,,,5770,1.05,1,292.1996573,42.0459944,0.280583267,-0.687560062,0.669726953
1,2,Transit,2016,4.77468005,,0.8,,,,,5770,1.05,1,292.1996573,42.0459944,0.280583267,-0.687560062,0.669726953
1,1,Transit,2016,2.16457097,,1.43,,,,,4070,0.6,0.62,285.0648845,41.5548464,0.194498183,-0.722602866,0.663336683
1,1,Transit,2016,1.57409027,,0.92,,,,,4106,0.6,0.62,288.4166786,47.8787308,0.211891691,-0.636351392,0.741726916
1,1,Transit,2016,0.67564949,,1.65,,,,,5906,1.08,1.07,294.7669795,41.6446434,0.313057378,-0.678544986,0.664508676
1,1,Transit,2016,25.873148,,2.69,,,,,5761,0.99,0.99,285.7972604,40.9361923,0.205656561,-0.72690754,0.655218137
1,2,Transit,2014,8.436387,0.077,1.47,,,,,5187,0.8,,282.1355875,43.0391951,0.153651332,-0.714553746,0.682498507
1,2,Transit,2014,18.735753,0.13,1.88,,,,,5187,0.8,,282.1355875,43.0391951,0.153651332,-0.714553746,0.682498507
1,2,Transit,2016,20.2641684,,1.84,,,,,6202,1.29,1.19,284.5656897,41.7784781,0.187542578,-0.721758629,0.666252402
1,2,Transit,2016,7.44142113,,1.27,,,,,6202,1.29,1.19,284.5656897,41.7784781,0.187542578,-0.721758629,0.666252402
1,2,Transit,2016,3.4462039,,0.73,,,,,5361,0.83,0.87,288.8314251,47.5519753,0.217854316,-0.638794184,0.737889888
1,2,Transit,2016,2.00541269,,0.64,,,,,5361,0.83,0.87,288.8314251,47.5519753,0.217854316,-0.638794184,0.737889888
1,1,Transit,2016,1.31155557,,1.27,,,,,5677,0.97,0.98,288.8865895,44.8394672,0.22952802,-0.670908861,0.705122818
1,1,Transit,2016,1.29123275,,1.16,,,,,6299,1.33,1.22,285.7520229,39.2491731,0.210230281,-0.745319622,0.632694152
1,1,Transit,2016,10.65276707,,2.29,,,,,5323,0.81,0.85,291.3499783,45.1722521,0.25665688,-0.656597973,0.709229404
1,1,Transit,2016,3.3004192,,1.74,,,,,6704,1.78,1.47,296.2935173,43.4032189,0.321833505,-0.651366145,0.687128329
1,1,Transit,2016,5.30880656,,1.05,,,,,5659,0.97,0.98,286.9584368,42.541409,0.214905041,-0.70475079,0.676122879
1,1,Transit,2016,0.74092842,,1.25,,,,,5218,0.82,0.86,289.1954229,46.6516055,0.225693072,-0.648268963,0.727193226
1,1,Transit,2016,11.95398936,,2.2,,,,,4407,0.67,0.7,297.373403,40.3663986,0.350320578,-0.676605456,0.647673182
1,1,Transit,2016,0.88184115,,1.3,,,,,5188,0.79,0.83,293.6704404,41.4102105,0.301103764,-0.68689616,0.66144553
1,3,Transit,2014,10.3126,,0.522,0.066,,6.81,,3841,0.44,0.52,290.3814122,43.2930645,0.253488842,-0.682288375,0.685730253
1,3,Transit,2014,13.7813,,1.197,1.97,,4.63,,3841,0.44,0.52,290.3814122,43.2930645,0.253488842,-0.682288375,0.685730253
1,3,Transit,2014,23.0881,,1.212,0.64,,2.32,,3841,0.44,0.52,290.3814122,43.2930645,0.253488842,-0.682288375,0.685730253
1,1,Transit,2016,10.3108245,,1.43,,,,,5570,0.94,0.96,288.1160421,42.4403832,0.229469351,-0.701397279,0.674822698
1,1,Transit,2016,25.3842686,,2.25,,,,,5747,0.94,0.96,287.5357911,48.727783,0.198749709,-0.628983242,0.751584083
1,1,Transit,2016,16.3583055,,1.88,,,,,6161,1.72,1.36,295.3774182,39.0480365,0.332842251,-0.701677748,0.629971725
1,1,Transit,2016,13.9093583,,1.41,,,,,6370,1.44,1.26,297.9447714,42.1918449,0.347200838,-0.654511024,0.671615141
1,1,Transit,2016,15.36262753,,1.94,,,,,4919,0.74,0.78,296.2151275,39.5270248,0.340726985,-0.691987407,0.636442103
1,1,Transit,2016,2.88879862,,0.85,,,,,5732,1.29,1.15,282.6313559,46.481022,0.150580047,-0.671928904,0.725146329
1,1,Transit,2016,6.73972381,,1.24,,,,,5733,1.03,1.02,280.8233646,42.6360518,0.138145679,-0.722584005,0.677339005
1,1,Transit,2016,2.27952666,,0.93,,,,,5046,0.77,0.82,292.4403029,43.2093456,0.278219734,-0.673666273,0.684666
1,4,Transit,2016,12.2854603,,2.59,,,,,4098,0.61,0.63,283.3360156,47.1744499,0.156796354,-0.661437846,0.733426806
1,4,Transit,2016,5.53608151,,2.26,,,,,4098,0.61,0.63,283.3360156,47.1744499,0.156796354,-0.661437846,0.733426806
1,4,Transit,2016,20.9568158,,2.86,,,,,4098,0.61,0.63,283.3360156,47.1744499,0.156796354,-0.661437846,0.733426806
1,4,Transit,2016,37.6327084,,2.46,,,,,4098,0.61,0.63,283.3360156,47.1744499,0.156796354,-0.661437846,0.733426806
1,1,Transit,2016,99.2530951,,1.77,,,,,5078,0.74,0.81,285.7174414,44.7583487,0.192356801,-0.683532312,0.7041182
1,2,Transit,2014,15.771044,0.127,2.94,,,,,5594,1.3,,282.3919451,43.8894167,0.154656325,-0.703889126,0.693268721
1,2,Transit,2014,157.072878,0.586,3.38,,,,,5594,1.3,,282.3919451,43.8894167,0.154656325,-0.703889126,0.693268721
1,1,Transit,2016,6.48021673,,1.18,,,,,5753,0.98,0.98,298.6624419,48.2488659,0.319396168,-0.584297995,0.746044195
1,1,Transit,2016,54.4092333,,1.68,,,,,5840,1.1,1.03,294.8309749,46.6595768,0.288220015,-0.62288068,0.727288719
1,1,Transit,2016,15.1410397,,1.96,,,,,5479,0.85,0.88,288.7669819,46.3944497,0.221887045,-0.653022213,0.724105054
1,1,Transit,2016,2.44357812,,0.8,,,,,5697,0.92,0.95,284.4594558,40.1424756,0.19087765,-0.740229598,0.644690519
1,1,Transit,2016,3.93766373,,1.39,,,,,6481,2.55,1.64,283.4532068,45.0840729,0.164267641,-0.686694106,0.708143592
1,1,Transit,2016,3.78470649,,0.8,,,,,6138,1.23,1.17,292.3374945,47.6641732,0.255961895,-0.622938126,0.739210119
1,1,Transit,2016,18.2206421,,2.07,,,,,6195,1.27,1.18,294.3363936,44.9182296,0.291809457,-0.645193305,0.706096905
1,1,Transit,2016,47.449955,,1.72,,,,,6026,1.12,1.09,299.6758812,47.0758234,0.337173124,-0.591706031,0.732255596
1,2,Transit,2016,2.78815679,,0.9,,,,,6126,1.18,1.13,294.8661073,48.6389923,0.27786638,-0.599540273,0.750560948
1,2,Transit,2016,4.13827595,,1.03,,,,,6126,1.18,1.13,294.8661073,48.6389923,0.27786638,-0.599540273,0.750560948
1,1,Transit,2016,1.63865306,,1.25,,,,,5735,0.96,0.97,293.3116962,46.0416516,0.274692216,-0.637469954,0.719844597
2,1,Transit,2011,6.790123,,12.733,2669.66,0.035,,,6395,2.05,1.51,287.708814,47.33305,0.20615336,-0.645620929,0.735305657
1,2,Transit,2014,3.25427,0.045,1.61,,,,,6077,1.29,,287.3694056,46.7681473,0.204479627,-0.653718348,0.728587951
1,2,Transit,2014,91.353282,0.414,1.8,,,,,6077,1.29,,287.3694056,46.7681473,0.204479627,-0.653718348,0.728587951
1,1,Transit,2016,9.06689421,,1.62,,,,,5044,0.78,0.83,286.2716827,45.4408055,0.196595751,-0.673540576,0.712525932
1,1,Transit,2016,11.20066445,,1.68,,,,,5964,1.1,1.07,287.4660334,40.75842,0.22734703,-0.722545976,0.652871075
1,1,Transit,2016,2.03387914,,0.76,,,,,5416,0.87,0.9,291.8478341,48.9681664,0.244303694,-0.609326999,0.754344957
1,1,Transit,2016,5.19492202,,2.14,,,,,6060,1.15,1.11,290.8676391,38.9600779,0.276983524,-0.726579257,0.628778745
1,1,Transit,2016,15.9314739,,2.01,,,,,5261,0.8,0.84,296.0094827,50.4983929,0.278942445,-0.571676612,0.771606742
1,1,Transit,2016,28.2274184,,3.96,,,,,5925,1.07,1.05,295.6848822,39.2561274,0.33560895,-0.697815019,0.632788141
1,1,Transit,2016,11.62905828,,1.1,,,,,5892,1.12,1.05,292.0818824,38.9149472,0.292504336,-0.721005278,0.628166063
1,1,Transit,2016,20.0711504,,2.25,,,,,6010,1.15,1.1,283.9424274,41.4715535,0.180537721,-0.727209431,0.662248121
1,1,Transit,2016,2.99793191,,0.89,,,,,6170,1.35,1.21,282.6998783,45.4257884,0.154293758,-0.68466218,0.712342008
1,1,Transit,2016,0.76486493,,1.04,,,,,5160,0.79,0.83,290.0847389,51.2086144,0.215141491,-0.588387319,0.779432166
1,2,Transit,2014,3.107675,0.039,0.69,,,,,4910,0.79,,297.9707271,47.7316041,0.315465198,-0.594035717,0.740002213
1,2,Transit,2014,7.010606,0.067,1.41,,,,,4910,0.79,,297.9707271,47.7316041,0.315465198,-0.594035717,0.740002213
1,1,Transit,2016,60.866168,,1.78,,,,,4092,0.6,0.63,290.5102933,38.743501,0.273277407,-0.73051352,0.625835007
1,1,Transit,2016,86.1150888,,2.82,,,,,5664,0.92,0.95,286.3615236,42.9638889,0.206141314,-0.702148624,0.681537283
1,1,Transit,2016,3.6146051,,0.83,,,,,5880,1.27,1.06,292.1801539,49.202481,0.246667011,-0.605038044,0.757023349
1,1,Transit,2016,13.1829642,,1.82,,,,,5196,0.8,0.84,294.3416065,46.4987624,0.283729752,-0.627177025,0.725359502
1,1,Transit,2016,3.51576315,,1.23,,,,,4951,0.75,0.8,284.9285796,42.4223085,0.190169373,-0.713277037,0.674589859
1,1,Transit,2016,0.63642408,,1.29,,,,,5267,0.84,0.89,285.1568015,47.8732512,0.175381315,-0.647439366,0.741662768
1,1,Transit,2016,1.49514952,,0.88,,,,,6019,1.15,1.09,298.6634624,43.8940593,0.345656943,-0.632312257,0.693327114
1,1,Transit,2016,20.3505213,,1,,,,,5839,1.02,1.02,290.9498966,40.605197,0.271457431,-0.709023373,0.650843084
1,1,Transit,2016,22.4764425,,1.66,,,,,4770,0.72,0.77,282.9975322,41.67859,0.167981608,-0.727751288,0.664951308
1,1,Transit,2016,42.5215895,,2.86,,,,,5796,1.01,1.01,292.2545917,37.971376,0.298554079,-0.729596527,0.615267722
1,3,Transit,2014,2.024152,0.032,1.99,,,,,5790,1.27,,295.1190067,48.4813635,0.281385478,-0.600175306,0.748740152
1,3,Transit,2014,4.761702,0.057,2.86,,,,,5790,1.27,,295.1190067,48.4813635,0.281385478,-0.600175306,0.748740152
1,3,Transit,2014,41.809118,0.242,2.16,,,,,5790,1.27,,295.1190067,48.4813635,0.281385478,-0.600175306,0.748740152
1,1,Transit,2016,6.69960006,,1.28,,,,,5187,0.79,0.82,296.2038586,42.7778165,0.324106501,-0.658559422,0.679157171
1,1,Transit,2016,6.9131112,,0.93,,,,,6335,1.42,1.25,286.5806115,48.5442312,0.1889229,-0.634513446,0.749467027
1,1,Transit,2016,18.6051942,,2.02,,,,,6194,1.23,1.15,293.8902214,48.3360926,0.269218147,-0.607805314,0.747057086
1,1,Transit,2016,23.955378,,1.06,,,,,4939,0.75,0.79,288.2437481,41.1100655,0.235874532,-0.71557455,0.657507619
1,1,Transit,2016,29.6091744,,1.16,,,,,5838,1.07,1.02,290.9916648,40.2293347,0.27349786,-0.712796207,0.645848657
1,1,Transit,2016,14.4541302,,0.94,,,,,5718,0.95,0.97,294.9510368,43.0124348,0.308454436,-0.662961232,0.682157068
1,1,Transit,2016,14.2563227,,1.56,,,,,5831,1.02,1.02,292.5457096,49.4168981,0.249434218,-0.600831266,0.759463206
1,1,Transit,2016,0.96897238,,1.1,,,,,5793,1.01,1.01,295.3496546,45.1145372,0.302135755,-0.637742064,0.70851891
1,1,Transit,2016,10.67607169,,1.64,,,,,6184,1.36,1.28,297.6422563,49.594958,0.300725991,-0.57420393,0.76148127
1,1,Transit,2016,4.48487493,,1.29,,,,,5902,1.07,1.05,285.3662532,49.0448172,0.173691432,-0.63203657,0.755222524
1,2,Transit,2014,16.007583,0.127,2.41,,,,,5848,1.36,,298.0676519,49.412541,0.306120031,-0.574091727,0.759413732
1,2,Transit,2014,27.082511,0.181,3.37,,,,,5848,1.36,,298.0676519,49.412541,0.306120031,-0.574091727,0.759413732
1,1,Transit,2016,2.46050993,,1.18,,,,,4796,0.72,0.77,289.6975391,43.3719581,0.24500881,-0.684375688,0.686731826
1,1,Transit,2016,5.86601526,,1.47,,,,,5806,1.03,1.03,292.6583919,49.8651522,0.248318786,-0.594838153,0.764529498
1,1,Transit,2016,23.9109011,,2.22,,,,,6031,1.13,1.09,295.5241011,49.8295211,0.277952122,-0.582108464,0.764128493
1,1,Transit,2016,4.13592271,,1.56,,,,,6097,1.19,1.14,287.3634559,49.4568649,0.193986936,-0.620399472,0.759916814
1,1,Transit,2016,8.05333618,,1.11,,,,,6291,2.04,1.47,295.5384415,51.2030002,0.270121694,-0.565345439,0.779370775
1,1,Transit,2016,4.45343281,,0.86,,,,,6356,1.32,1.21,291.1732806,44.9210836,0.255751254,-0.660279218,0.706132177
1,1,Transit,2016,9.705716,,1.31,,,,,5972,1.09,1.06,297.711553,46.7679816,0.318517866,-0.606390017,0.728585971
1,1,Transit,2016,10.9295461,,1.37,,,,,5557,0.9,0.93,291.8649164,49.325869,0.242726708,-0.604871624,0.758428681
1,1,Transit,2016,2.31942009,,0.94,,,,,5530,0.96,0.97,289.289819,40.6816262,0.25051623,-0.715769762,0.651855249
1,1,Transit,2016,8.07392849,,1.46,,,,,3578,0.43,0.46,285.7396971,40.9798688,0.204790606,-0.726632835,0.655793817
1,2,Transit,2014,5.885273,0.066,1.33,,,,,6075,1.24,,281.9156128,42.7755535,0.151553646,-0.718203597,0.67912818
1,2,Transit,2014,10.104665,0.094,1.35,,,,,6075,1.24,,281.9156128,42.7755535,0.151553646,-0.718203597,0.67912818
1,1,Transit,2016,39.859484,,1.26,,,,,5698,0.96,0.98,285.3469737,48.3122283,0.176020182,-0.641355062,0.746780141
1,1,Transit,2016,39.4419839,,1.31,,,,,5802,1,1,293.7191177,43.1245756,0.293592254,-0.668215941,0.683586896
1,1,Transit,2016,81.4162941,,3.93,,,,,6394,1.44,1.34,291.2556226,48.8469171,0.238570917,-0.613305916,0.75295403
1,1,Transit,2016,2.41811321,,0.97,,,,,6289,1.27,1.19,283.4357392,47.0667983,0.158267261,-0.662503074,0.732148312
1,1,Transit,2016,33.42035034,,2.18,,,,,5810,1.05,1.03,285.3306799,42.0405016,0.196354583,-0.716244402,0.669655758
1,1,Transit,2016,10.60052251,,0.96,,,,,6150,1.26,1.13,280.2495197,43.9150665,0.128179027,-0.708873242,0.69359128
1,1,Transit,2016,0.68996783,,0.82,,,,,4865,0.75,0.81,289.4240357,46.7260823,0.227963349,-0.646471281,0.728084882
1,1,Transit,2016,56.6747285,,2.9,,,,,5722,0.95,0.97,289.6434285,50.727016,0.21279813,-0.596176244,0.774138774
1,1,Transit,2016,12.27065865,,1.61,,,,,5774,0.93,0.95,287.8674123,50.5955846,0.194763326,-0.604173541,0.772684657
1,1,Transit,2016,13.2274528,,1.68,,,,,5979,1.1,1.08,288.2317293,50.5678345,0.19871808,-0.603278304,0.772377118
1,2,Transit,2013,22.951,,2.65,37.1,,,,,1.85,1.32,291.3877397,44.5290465,0.259976809,-0.663800706,0.701270762
1,2,Transit,2013,42.882,,4.32,79.4,,,,,1.85,1.32,291.3877397,44.5290465,0.259976809,-0.663800706,0.701270762
1,1,Transit,2016,54.5094166,,1.71,,,,,4524,0.68,0.71,294.5536825,45.0813011,0.293417898,-0.642251483,0.708109434
1,1,Transit,2016,35.622233,,3.35,,,,,5782,0.99,1,293.4464227,40.4098813,0.302965027,-0.69855747,0.648251227
1,1,Transit,2016,42.913751,,2.7,,,,,6101,2.06,1.41,292.422792,38.2662824,0.299482698,-0.725779889,0.619317097
1,1,Transit,2016,47.1611696,,2.67,,,,,5665,0.94,0.97,286.1255037,47.9475586,0.186034705,-0.643457229,0.742532076
1,1,Transit,2016,47.0319479,,1.88,,,,,5448,0.86,0.9,284.2233265,48.8317229,0.161738969,-0.638093681,0.75277949
1,1,Transit,2016,49.276764,,2.16,,,,,4075,0.6,0.62,294.0830662,50.5027572,0.259543342,-0.580676776,0.771655192
1,1,Transit,2016,18.1373829,,1.14,,,,,4231,0.62,0.64,286.9453381,43.8228023,0.210283378,-0.690160195,0.692430362
1,1,Transit,2016,51.1110243,,1.99,,,,,5866,1.01,1.01,283.7705481,42.027203,0.176818266,-0.721475799,0.669483363
1,1,Transit,2016,47.9872764,,2.76,,,,,5653,0.94,0.96,283.2115971,41.0380135,0.172387791,-0.734310517,0.656559605
1,1,Transit,2016,62.8691611,,1.36,,,,,4828,0.74,0.78,282.4229401,46.0139761,0.149401568,-0.678222416,0.719509226
1,2,Transit,2014,31.158799,0.2,3.71,,,,,5948,1.21,,294.1107631,38.7102222,0.318761754,-0.712241843,0.625381884
1,2,Transit,2014,76.732171,0.364,3.13,,,,,5948,1.21,,294.1107631,38.7102222,0.318761754,-0.712241843,0.625381884
1,1,Transit,2016,29.9633247,,1.96,,,,,4422,0.67,0.7,285.5577888,44.0108221,0.19289905,-0.692857083,0.694794228
1,1,Transit,2016,29.3494775,,2.03,,,,,4919,0.74,0.79,285.8305091,43.198377,0.198862518,-0.701339596,0.684526456
1,1,Transit,2016,65.6488341,,3.82,,,,,5756,1,1,296.397542,42.3969273,0.328330923,-0.661489609,0.674262784
1,1,Transit,2016,25.15864,,1.86,,,,,5679,0.95,0.96,294.4872785,42.0069064,0.307993551,-0.676228012,0.66922018
1,2,Transit,2016,31.7785901,,1.66,,,,,5828,1.01,1.02,287.2356828,38.7540824,0.231068837,-0.744820405,0.625979038
1,2,Transit,2016,5.32786292,,1,,,,,5828,1.01,1.02,287.2356828,38.7540824,0.231068837,-0.744820405,0.625979038
1,1,Transit,2016,31.8277111,,1.77,,,,,4726,0.71,0.75,289.8194222,51.9048541,0.20918763,-0.580423582,0.786987294
1,1,Transit,2016,31.1750448,,1.55,,,,,5884,1.02,1.01,289.8312418,44.6098415,0.241514562,-0.669686536,0.702275345
1,1,Transit,2016,47.0569043,,3.3,,,,,5332,0.82,0.86,295.0485389,45.3426781,0.297583153,-0.636760197,0.711323217
1,2,Transit,2016,8.23984869,,1.73,,,,,5893,1.05,1.04,293.5198289,41.2773671,0.299908307,-0.689089627,0.659704853
1,2,Transit,2016,3.54553021,,1.15,,,,,5893,1.05,1.04,293.5198289,41.2773671,0.299908307,-0.689089627,0.659704853
1,1,Transit,2016,21.8635301,,2.8,,,,,5507,0.89,0.92,293.8213286,39.3913385,0.312134919,-0.706991694,0.634613691
1,2,Transit,2014,12.610584,0.113,1.53,,,,,6012,1.47,,287.9757213,39.087168,0.239542342,-0.738299878,0.630501988
1,2,Transit,2014,33.416423,0.216,2.43,,,,,6012,1.47,,287.9757213,39.087168,0.239542342,-0.738299878,0.630501988
1,1,Transit,2016,16.2950903,,1.07,,,,,4961,0.76,0.8,288.6949475,39.8830802,0.245959738,-0.726867801,0.641223055
1,1,Transit,2016,3.63899398,,1.41,,,,,5660,0.93,0.95,289.6649171,50.0200612,0.216219791,-0.605045552,0.766269458
1,1,Transit,2016,38.1312831,,1.9,,,,,6159,1.25,1.16,294.8526163,49.0574468,0.275413957,-0.594615728,0.755366989
1,1,Transit,2016,14.4273551,,1.19,,,,,6046,1.09,1.09,290.6365144,48.9961494,0.231238089,-0.614010544,0.754665488
1,1,Transit,2016,36.4333452,,2.16,,,,,5870,1.04,1.04,294.6940261,45.866809,0.290906869,-0.632650639,0.71772304
1,1,Transit,2016,82.177374,,2.92,,,,,6214,1.28,1.18,295.9482766,44.753096,0.310731774,-0.638556966,0.704053099
1,1,Transit,2016,10.35863224,,1.67,,,,,5663,0.96,0.98,284.5320743,43.9898971,0.180528867,-0.696444755,0.694531519
1,1,Transit,2016,11.55530021,,1.18,,,,,5100,0.78,0.81,281.2985305,42.6856727,0.144018418,-0.720837988,0.677975877
1,1,Transit,2016,26.0840594,,1.73,,,,,5904,1.06,1.04,293.1650085,41.746184,0.293501872,-0.685947834,0.665831976
1,1,Transit,2016,14.53261362,,1.83,,,,,5796,0.98,0.99,285.7119953,49.7067574,0.175127598,-0.622535935,0.762744606
1,3,Transit,2014,1.729366,0.028,1.8,,,,,5272,0.85,,289.7861626,46.8588176,0.231473066,-0.6434287,0.729670972
1,3,Transit,2014,4.180043,0.05,3.6,,,,,5272,0.85,,289.7861626,46.8588176,0.231473066,-0.6434287,0.729670972
1,3,Transit,2016,51.84688575,,8.68,,,,,5172,0.81,0.86,289.7861626,46.8588176,0.231473066,-0.6434287,0.729670972
2,1,Transit,2016,22.12679948,,1.67,,,,,5156,0.81,0.85,291.9998055,49.3018321,0.244269228,-0.604593464,0.758155187
1,1,Transit,2016,5.94220998,,1.23,,,,,4908,0.75,0.8,289.4390075,49.7312226,0.215115367,-0.609528364,0.763020676
1,1,Transit,2016,12.25383217,,1.01,,,,,5381,0.84,0.88,285.3138209,48.72527,0.174222685,-0.636247838,0.751555151
1,1,Transit,2016,9.5085156,,1.52,,,,,6337,1.4,1.25,295.4097409,42.1507935,0.318118301,-0.669661736,0.671084127
1,1,Transit,2016,30.4549136,,2.11,,,,,5730,0.92,0.94,292.6842738,38.1262604,0.30337461,-0.725799852,0.617396487
1,1,Transit,2016,19.9157725,,1.47,,,,,6087,1.12,1.11,298.0954404,44.7370612,0.334530758,-0.626640452,0.703854329
1,1,Transit,2016,54.6495759,,2.32,,,,,5965,1.12,1.08,290.5903907,45.4396955,0.246762906,-0.656836536,0.712512339
1,1,Transit,2016,7.31946363,,2.13,,,,,6541,1.63,1.38,295.4980737,38.6444499,0.336221065,-0.704963115,0.62448571
1,1,Transit,2016,39.8189932,,1.86,,,,,5820,1.31,1.05,286.6464265,49.9377735,0.184374244,-0.616645612,0.765345887
1,1,Transit,2016,82.294751,,1.77,,,,,5655,0.9,0.93,281.2957984,44.4654063,0.139790252,-0.699848958,0.700478495
1,3,Transit,2014,29.198943,0.184,4.21,,,,,5381,0.95,,285.8537014,38.3840916,0.214138038,-0.754049492,0.620930161
1,3,Transit,2014,55.328328,0.281,1.61,,,,,5381,0.95,,285.8537014,38.3840916,0.214138038,-0.754049492,0.620930161
1,3,Transit,2014,160.018032,0.571,3.96,,,,,5381,0.95,,285.8537014,38.3840916,0.214138038,-0.754049492,0.620930161
1,1,Transit,2016,92.4362973,,3.04,,,,,5515,0.87,0.9,295.6935734,42.6094543,0.319092361,-0.663215315,0.676997423
1,1,Transit,2016,16.5861762,,1.51,,,,,5728,0.99,1,293.6297645,45.7406293,0.279738827,-0.63939128,0.716187811
1,1,Transit,2016,16.75255007,,1.49,,,,,4712,0.72,0.77,288.5970695,41.0363254,0.240552365,-0.714907845,0.656537381
1,1,Transit,2016,15.0217983,,1.41,,,,,5863,1.29,1.06,288.5493683,38.5651973,0.248739092,-0.741279541,0.623404769
1,1,Transit,2016,91.080482,,3.07,,,,,5659,0.94,0.96,282.6573891,43.1625334,0.159830123,-0.711689672,0.684070276
1,1,Transit,2016,85.273256,,2.94,,,,,5831,1.04,1.03,286.1306907,38.7795494,0.216585013,-0.748870598,0.626325602
1,1,Transit,2016,64.6588017,,2.22,,,,,6182,1.27,1.18,293.9739359,45.3507167,0.285548295,-0.642137962,0.711421822
1,1,Transit,2016,8.74199772,,1.66,,,,,5675,0.95,0.96,296.196155,45.6343124,0.308674393,-0.62741548,0.714891555
1,1,Transit,2016,48.051405,,1.33,,,,,5256,0.81,0.86,284.7780883,44.9167513,0.180627841,-0.684709095,0.706078635
1,1,Transit,2016,44.2008,,1.19,,,,,5097,0.78,0.82,283.986348,41.6505091,0.180594312,-0.725060162,0.664585176
1,1,Transit,2011,4.942782,0.05714,10.76,209.76,0.06,,,5515,0.99,1.02,296.2005506,49.1400304,0.288844318,-0.586994926,0.756310727
1,5,Transit,2014,3.428054,0.044,1.25,,,,,5560,0.94,,288.2341025,40.520897,0.237857113,-0.721997905,0.649725341
1,5,Transit,2014,7.381998,0.073,3.69,,,,,5560,0.94,,288.2341025,40.520897,0.237857113,-0.721997905,0.649725341
1,5,Transit,2014,12.56093,0.104,2.79,,,,,5560,0.94,,288.2341025,40.520897,0.237857113,-0.721997905,0.649725341
1,5,Transit,2014,30.826557,0.189,3.12,,,,,5560,0.94,,288.2341025,40.520897,0.237857113,-0.721997905,0.649725341
1,5,Transit,2017,637.2093,1.24,3.64,,,,,5528,0.91,0.97,288.2341025,40.520897,0.237857113,-0.721997905,0.649725341
1,1,Transit,2016,15.0330105,,1.2,,,,,5845,1,1,288.883474,39.7446547,0.248850754,-0.727518243,0.639367272
1,1,Transit,2016,14.5564533,,1.56,,,,,6229,1.3,1.2,289.918589,42.001428,0.253172315,-0.698672472,0.669149128
1,1,Transit,2016,41.7083629,,3.18,,,,,6666,1.72,1.44,296.1079271,39.3199201,0.340441836,-0.694684958,0.633649876
1,1,Transit,2016,96.16987,,2.27,,,,,5069,0.74,0.77,293.7271604,42.8067119,0.295207508,-0.671636241,0.679527252
1,1,Transit,2016,82.304003,,2.13,,,,,5393,0.81,0.85,289.7119947,50.1282265,0.216228548,-0.603504788,0.767481066
1,1,Transit,2016,30.8609366,,0.93,,,,,5686,0.86,0.93,292.0020614,41.7869639,0.2793419,-0.691323852,0.66636284
1,1,Transit,2016,14.0329154,,1.32,,,,,5676,0.93,0.95,290.1498822,41.4645625,0.258139259,-0.703500276,0.662156692
1,1,Transit,2016,16.0506213,,0.84,,,,,5410,0.85,0.89,288.5616269,46.5361247,0.218974486,-0.652113937,0.725808231
1,1,Transit,2016,20.7056504,,1.33,,,,,6158,1.22,1.14,298.1188802,40.3750316,0.359048015,-0.671904205,0.647787976
1,1,Transit,2016,25.4338197,,1.85,,,,,5780,0.99,1,283.7977792,46.9310139,0.162863651,-0.663172976,0.730532022
1,2,Transit,2014,15.228958,0.116,3.06,,,,,5460,0.83,,292.1627933,41.0231947,0.284606025,-0.698702407,0.6563645
1,2,Transit,2014,24.674612,0.16,2.09,,,,,5460,0.83,,292.1627933,41.0231947,0.284606025,-0.698702407,0.6563645
1,1,Transit,2016,84.703921,,3.36,,,,,6200,1.28,1.19,298.9591432,48.2578295,0.322361094,-0.582534075,0.746148361
1,1,Transit,2016,23.2382792,,1.68,,,,,6064,1.29,1.17,288.4211892,43.179773,0.230430387,-0.691844939,0.684289717
1,1,Transit,2016,20.35972599,,1.18,,,,,4372,0.67,0.73,289.2744976,44.4704056,0.235559363,-0.673612965,0.700540763
1,1,Transit,2016,160.8846509,,8.46,,,,,5617,0.97,0.99,289.7917561,39.2852655,0.262079405,-0.728282318,0.633181847
1,2,Transit,2016,217.83184,0.753,12.42,1678.1424,0.401,3.23,388,6145,1.29,1.2,292.6274943,37.8601653,0.303755106,-0.72873892,0.613736444
1,2,Transit,2020,10.514181,0.0997,1.176,,0.32,193,1066,6145,1.29,1.2,292.6274943,37.8601653,0.303755106,-0.72873892,0.613736444
1,1,Transit,2016,214.3114164,,9.55,,,,,6511,1.41,1.3,290.9739057,48.1782059,0.238681935,-0.62263512,0.745222411
1,1,Transit,2016,7.25931979,,1.75,,,,,5904,1.07,1.04,291.4945795,44.5234227,0.26123937,-0.663378814,0.701200785
1,1,Transit,2016,5.54608367,,9.76,,,,,7010,1.95,1.58,287.8072115,43.1888008,0.222970559,-0.694171783,0.684404607
1,1,Transit,2016,5.11177904,,3.05,,,,,6846,1.88,1.54,300.3323404,44.9861065,0.357186031,-0.610459357,0.706935296
1,1,Transit,2016,240.7989397,,7.06,,,,,5644,0.91,0.94,296.6679448,49.4617774,0.291712308,-0.580814655,0.759972543
1,2,Transit,2014,18.207973,0.124,2.79,,,,,5088,0.72,,286.8653826,41.9889571,0.215641595,-0.711304864,0.668987364
1,2,Transit,2014,88.255055,0.356,2.39,,,,,5088,0.72,,286.8653826,41.9889571,0.215641595,-0.711304864,0.668987364
1,1,Transit,2016,0.65355357,,5.77,,,,,4677,0.71,0.76,290.9662102,51.5047656,0.222723223,-0.581238158,0.782659932
1,1,Transit,2016,47.14840805,,2.5,,,,,5042,0.76,0.81,292.6903779,37.8350549,0.304658462,-0.72865319,0.613390374
1,1,Transit,2016,1.84788917,,1.73,,,,,5706,0.93,0.96,289.8432347,52.0702094,0.208657001,-0.578197792,0.788764584
1,1,Transit,2016,0.93875077,,1.58,,,,,5708,0.96,0.97,296.0540705,45.8270447,0.306059601,-0.626015074,0.717239603
1,1,Transit,2016,70.9674603,,3.54,,,,,6179,1.25,1.17,293.8853557,39.5198348,0.312347709,-0.705339323,0.636345305
1,1,Transit,2016,2.41660118,,0.91,,,,,5748,1.04,1.07,290.5594479,49.9428629,0.226001702,-0.602562357,0.765403055
1,1,Transit,2016,3.908632,,2.43,,,,,4601,0.69,0.73,285.1197266,38.8664618,0.203090374,-0.751657341,0.627507404
1,1,Transit,2016,160.129918,,4.77,,,,,6224,1.32,1.21,297.4144457,46.0608077,0.319485433,-0.615969725,0.720076632
1,1,Transit,2016,1.79111021,,1.46,,,,,5857,1.03,1.03,287.4029864,46.5740084,0.205599927,-0.655950349,0.726262907
1,1,Transit,2016,5.33905686,,2.1,,,,,5048,0.77,0.81,289.8707469,41.0407482,0.2563667,-0.70933654,0.656595605
1,2,Transit,2014,18.870227,0.129,2.92,,,,,5404,0.89,,282.460502,48.2570293,0.143655229,-0.650107433,0.746139063
1,2,Transit,2014,46.90232,0.237,2.53,,,,,5404,0.89,,282.460502,48.2570293,0.143655229,-0.650107433,0.746139063
1,2,Transit,2016,2.5904434,,1.64,,,,,5477,0.88,0.92,288.1624396,48.165153,0.207907523,-0.633754244,0.74507048
1,2,Transit,2016,5.3227406,,1.65,,,,,5477,0.88,0.92,288.1624396,48.165153,0.207907523,-0.633754244,0.74507048
1,1,Transit,2016,1.13854338,,1.11,,,,,6260,1.27,1.16,285.146622,39.3708055,0.201992062,-0.746201158,0.634336692
1,1,Transit,2016,1.09366356,,1.35,,,,,5559,0.88,0.91,296.902784,41.1981424,0.340460887,-0.671004259,0.658665066
1,1,Transit,2016,308.5471,,3.46,,,,,6431,1.51,1.31,295.9755645,44.7133739,0.311249571,-0.638847549,0.703560597
1,1,Transit,2016,5.71668872,,1.89,,,,,5442,0.86,0.9,292.395373,43.8691326,0.274669169,-0.666550134,0.69301354
1,1,Transit,2016,138.9442,,2.55,,,,,6021,1.11,1.08,286.613685,38.8919507,0.222538365,-0.745839382,0.627853719
1,1,Transit,2016,364.758031,,3.14,,,,,4434,0.67,0.71,291.5852554,45.7158742,0.256863739,-0.649251845,0.715886207
1,1,Transit,2016,1.4444538,,1.18,,,,,5079,0.77,0.81,294.3853917,43.8254461,0.297867808,-0.65709121,0.692463652
1,1,Transit,2016,175.138819,,2.82,,,,,5837,1.03,1.03,283.345611,45.2743573,0.162434056,-0.68470929,0.710484599
1,1,Transit,2016,133.3036741,,2.7,,,,,5176,0.8,0.84,284.2194566,44.2685146,0.175894562,-0.694137266,0.69802189
1,5,Transit,2014,33.040532,0.198,2.26,,,,,5690,1,,289.7805393,49.8965624,0.217998772,-0.606160794,0.764882754
1,5,Transit,2014,62.303276,0.303,2.95,,,,,5690,1,,289.7805393,49.8965624,0.217998772,-0.606160794,0.764882754
1,5,Transit,2016,20.54981883,,3.84,,,,,5769,0.98,0.98,289.7805393,49.8965624,0.217998772,-0.606160794,0.764882754
1,5,Transit,2016,3.93276465,,1.5,,,,,5769,0.98,0.98,289.7805393,49.8965624,0.217998772,-0.606160794,0.764882754
1,5,Transit,2016,9.91935684,,1.5,,,,,5769,0.98,0.98,289.7805393,49.8965624,0.217998772,-0.606160794,0.764882754
2,1,Transit,2016,125.4131177,,2.49,,,,,4540,0.69,0.74,283.3445555,41.2017544,0.173657559,-0.732079843,0.658712499
1,1,Transit,2016,8.40691199,,1.16,,,,,5282,0.81,0.86,283.7870875,48.0296019,0.159372066,-0.649478653,0.743490433
1,4,Transit,2016,3.95116882,,0.76,,,,,5564,0.99,0.94,285.7284757,42.6544651,0.199365851,-0.707915844,0.677575394
1,4,Transit,2016,2.89223021,,0.65,,,,,5564,0.99,0.94,285.7284757,42.6544651,0.199365851,-0.707915844,0.677575394
1,4,Transit,2016,5.99273738,,0.87,,,,,5564,0.99,0.94,285.7284757,42.6544651,0.199365851,-0.707915844,0.677575394
1,4,Transit,2016,5.10115756,,0.76,,,,,5564,0.99,0.94,285.7284757,42.6544651,0.199365851,-0.707915844,0.677575394
1,1,Transit,2016,6.96710269,,2.71,,,,,6561,1.65,1.39,297.1242915,47.0369876,0.310722933,-0.606571569,0.731793817
1,1,Transit,2016,168.811174,,1.78,,,,,4886,0.74,0.81,297.2852168,49.2124526,0.299465816,-0.580571882,0.757137051
1,1,Transit,2016,163.692349,,2.7,,,,,5201,0.8,0.84,298.8988313,47.4630696,0.326718369,-0.591877839,0.736841727
1,1,Transit,2016,19.5974971,,3.13,,,,,5623,0.93,0.95,297.5839183,41.5411993,0.346581192,-0.663402127,0.663158424
1,1,Transit,2016,0.69297968,,0.9,,,,,6078,1.18,1.12,283.7640396,42.2220992,0.176193463,-0.719279804,0.672006271
1,1,Transit,2016,124.828679,,2.64,,,,,5706,0.97,0.99,287.4711817,46.0805706,0.20825065,-0.661646903,0.720315933
1,1,Transit,2016,214.886545,,2.57,,,,,5324,0.84,0.88,286.0524399,39.0960281,0.21460214,-0.745829608,0.630622008
1,2,Transit,2014,5.931194,0.056,2.09,,,,,4508,0.62,,288.4957831,51.0819286,0.199289632,-0.595759639,0.778045047
1,2,Transit,2014,52.661793,0.242,2.24,,,,,4508,0.62,,288.4957831,51.0819286,0.199289632,-0.595759639,0.778045047
1,1,Transit,2016,225.582809,,3.02,,,,,5991,1.11,1.07,287.7646113,38.2947076,0.239458359,-0.747411198,0.61970654
1,1,Transit,2016,24.4973698,,2.66,,,,,6136,1.22,1.14,295.7855238,39.9078956,0.333681158,-0.690697926,0.641555344
1,1,Transit,2016,184.771853,,2.47,,,,,5202,0.78,0.85,291.6768669,38.8749152,0.287562434,-0.723462597,0.627622273
1,1,Transit,2016,4.24261881,,1.15,,,,,5288,0.81,0.85,291.9191348,39.0221769,0.290015792,-0.720741322,0.629621146
1,1,Transit,2016,198.088774,,2.9,,,,,5297,0.81,0.84,286.576016,41.7415762,0.212868539,-0.715146606,0.665771971
1,1,Transit,2016,8.10501635,,1.61,,,,,5866,1.06,1.04,287.6354587,45.7160327,0.211531028,-0.66540123,0.715888139
1,1,Transit,2016,8.82713457,,1.96,,,,,5608,0.95,0.97,288.3969751,40.2131892,0.241006319,-0.72461945,0.645633493
1,1,Transit,2016,3.74032496,,1.53,,,,,6099,1.17,1.11,293.8813592,46.8388172,0.276934867,-0.625488367,0.729432233
1,1,Transit,2016,3.50470358,,0.68,,,,,5101,0.79,0.83,286.8194349,46.9117837,0.197666255,-0.653900521,0.730302786
1,1,Transit,2016,0.97191543,,0.72,,,,,5316,0.82,0.86,292.2866565,42.0725948,0.281509002,-0.686845448,0.670071647
1,2,Transit,2014,4.973456,0.054,2.3,,,,,5094,0.81,,290.2964214,37.7494271,0.274274208,-0.741601875,0.612209374
1,2,Transit,2014,15.906801,0.117,2.55,,,,,5094,0.81,,290.2964214,37.7494271,0.274274208,-0.741601875,0.612209374
1,1,Transit,2016,3.03195744,,0.89,,,,,5815,1.02,1.02,292.7846013,43.21601,0.282231999,-0.671908831,0.684750773
1,1,Transit,2016,1.00520701,,1.09,,,,,5957,1.11,1.07,296.9235822,43.5664628,0.328088988,-0.646039565,0.689195543
1,1,Transit,2016,64.2737752,,3.55,,,,,5760,1.05,1.02,294.4556567,46.7435353,0.28369215,-0.62378451,0.728293656
1,1,Transit,2016,3.43276598,,0.75,,,,,5765,0.99,1,288.5735936,51.4727698,0.198403348,-0.590443656,0.782312214
1,1,Transit,2016,18.0540381,,1.47,,,,,5528,0.9,0.93,290.5861316,46.6427486,0.241399642,-0.642705649,0.727087107
1,1,Transit,2016,1.53818844,,1.19,,,,,4940,0.73,0.76,297.9529793,40.8067876,0.354802722,-0.66861001,0.653510278
1,1,Transit,2016,0.53991524,,0.79,,,,,5254,0.81,0.84,283.5875459,40.5749018,0.178443198,-0.73829791,0.650441559
1,1,Transit,2016,153.979578,,2.73,,,,,5655,0.93,0.95,286.695153,40.2918894,0.21912527,-0.73060711,0.646681812
1,1,Transit,2016,20.925392,,1.3,,,,,5956,1.19,1.09,289.1826808,47.8733301,0.220403021,-0.633527802,0.741663692
1,1,Transit,2016,5.79180156,,1.68,,,,,6319,1.4,1.25,292.2046748,37.2212065,0.300937072,-0.737251832,0.604893888
1,3,Transit,2014,1.732342,0.028,1.32,,,,,5774,1.04,,291.0972257,38.8756049,0.280226108,-0.726327645,0.627631644
1,3,Transit,2014,13.5405,0.11,2.24,,,,,5774,1.04,,291.0972257,38.8756049,0.280226108,-0.726327645,0.627631644
1,3,Transit,2016,7.02573474,,1.46,,,,,5866,1.03,1.02,291.0972257,38.8756049,0.280226108,-0.726327645,0.627631644
1,1,Transit,2016,26.548955,,1.07,,,,,5550,0.89,0.92,299.8617842,45.8274232,0.346954181,-0.604304182,0.717244206
1,1,Transit,2016,3.38555488,,1.52,,,,,6297,1.39,1.23,300.9354067,45.5964836,0.359699459,-0.600172016,0.714429738
1,1,Transit,2016,5.49548621,,0.94,,,,,5618,0.95,0.97,281.8973341,46.7227061,0.14132792,-0.670803729,0.728044488
1,1,Transit,2016,2.6157554,,1.2,,,,,5808,1,1.01,292.9883129,49.4849664,0.253715534,-0.598055484,0.760235533
1,1,Transit,2016,6.9424334,,1.29,,,,,5892,1.08,1.06,292.1586689,49.6377914,0.244263691,-0.599786317,0.761965632
1,1,Transit,2016,2.55314213,,1.31,,,,,5667,0.92,0.95,293.7432102,45.7615507,0.280898959,-0.638596722,0.716442602
1,1,Transit,2016,6.98471973,,1.04,,,,,5876,1.06,1.05,289.0739641,40.3660239,0.248987489,-0.72009106,0.647668199
1,1,Transit,2016,6.30560247,,1.13,,,,,4862,0.74,0.78,292.9552704,47.5730433,0.26312176,-0.621223966,0.738138011
1,1,Transit,2016,1.45088691,,1.04,,,,,5545,0.86,0.9,288.3021104,47.7756227,0.211037646,-0.638040056,0.740518736
1,1,Transit,2016,0.84990789,,0.84,,,,,4584,0.7,0.75,293.288022,43.5149061,0.286708477,-0.666112918,0.688543266
1,2,Transit,2014,16.709184,0.111,2.12,,,,,4623,0.62,,284.0323723,39.7815365,0.186335771,-0.745557167,0.639862088
1,2,Transit,2014,28.551383,0.158,1.9,,,,,4623,0.62,,284.0323723,39.7815365,0.186335771,-0.745557167,0.639862088
1,1,Transit,2016,56.6449279,,2.11,,,,,6228,2.15,1.47,285.9687099,41.3635264,0.206480598,-0.721570435,0.660834222
1,1,Transit,2016,6.28385491,,0.8,,,,,6022,1.23,1.12,287.3713199,39.6036225,0.230034788,-0.735331591,0.637472704
1,1,Transit,2016,4.83817712,,1.49,,,,,3208,0.3,0.28,289.3765441,41.1580845,0.249792237,-0.710251434,0.658138845
1,1,Transit,2016,9.32807355,,0.6,,,,,5645,0.91,0.94,286.3869335,47.0165188,0.192347707,-0.654092137,0.731550296
1,1,Transit,2016,13.3997099,,1.61,,,,,6069,1.13,1.1,287.7626791,43.2743929,0.222118797,-0.693370432,0.685493022
1,1,Transit,2016,3.5827463,,1.79,,,,,5538,0.91,0.94,296.1589897,44.5630457,0.314105893,-0.639502528,0.701693669
1,1,Transit,2016,15.6049212,,1.52,,,,,6681,1.75,1.45,298.2026236,44.9258585,0.334604529,-0.623966202,0.706191184
1,1,Transit,2016,9.4060467,,1.33,,,,,5933,1.22,1.08,292.6777294,49.6638666,0.249553524,-0.597228851,0.762260282
1,1,Transit,2016,7.84931739,,0.76,,,,,5817,0.99,0.96,288.2327232,48.0021967,0.209346945,-0.635508848,0.743170479
1,1,Transit,2016,0.99166527,,1.09,,,,,6166,1.25,1.18,294.4418236,40.5716114,0.31429637,-0.691520292,0.650397938
1,2,Transit,2014,10.139623,0.082,2.38,,,,,4625,0.66,,297.0702037,40.868734,0.344137774,-0.673367457,0.654328251
1,2,Transit,2014,43.595792,0.218,3.41,,,,,4625,0.66,,297.0702037,40.868734,0.344137774,-0.673367457,0.654328251
1,1,Transit,2016,7.61760804,,1.14,,,,,6053,1.16,1.11,291.4079141,48.0178915,0.24415156,-0.622748135,0.743353736
1,1,Transit,2016,8.18504949,,1.27,,,,,6082,1.16,1.1,296.5166659,44.6086233,0.317842617,-0.637029568,0.702260209
1,1,Transit,2016,3.05710069,,1.54,,,,,6213,1.28,1.18,293.850623,38.3977379,0.31689914,-0.71679063,0.621116839
1,1,Transit,2016,174.509835,,3.17,,,,,4995,0.77,0.81,300.4882018,44.4606698,0.362119432,-0.615046379,0.700419495
1,1,Transit,2016,2.71603809,,1.06,,,,,5946,1.08,1.06,293.6230451,47.9619127,0.26833029,-0.613511025,0.742699858
1,1,Transit,2016,4.56380468,,1.23,,,,,5203,0.8,0.84,285.7227502,43.0094855,0.198153585,-0.703880843,0.682119429
1,1,Transit,2016,66.373379,,1.9,,,,,5706,0.92,0.95,285.5575066,49.3300866,0.174789527,-0.627823052,0.758476655
1,1,Transit,2016,2.94654179,,1.06,,,,,6377,1.39,1.25,288.1639687,42.4810124,0.229906741,-0.700750232,0.67534584
1,1,Transit,2016,4.34195123,,0.95,,,,,5940,1.09,1.07,288.469107,46.7836464,0.216925834,-0.649486558,0.728773211
1,1,Transit,2016,122.363553,,1.62,,,,,5767,0.99,0.99,286.2208685,41.1511886,0.210336896,-0.723001331,0.658048224
2,1,Transit,2011,228.776,0.7048,8.449,105.833,0.0069,,,4450,0.65,0.69,289.0758307,51.757229,0.202299441,-0.585003909,0.785395036
1,3,Transit,2014,4.309397,0.05511,1.715,,,,,5471,1.12,,287.773573,42.8692755,0.223724595,-0.697926348,0.68032795
1,3,Transit,2014,13.699429,0.1192,3.76,,,,,5471,1.12,,287.773573,42.8692755,0.223724595,-0.697926348,0.68032795
1,3,Timing Variation,2020,30,0.17,,100,,,,5471,1.12,,287.773573,42.8692755,0.223724595,-0.697926348,0.68032795
1,1,Transit,2016,386.370548,,3.13,,,,,5214,0.82,0.86,291.3993802,38.7877563,0.284403331,-0.725734874,0.626437258
1,1,Transit,2016,2.20921951,,0.82,,,,,5869,1.07,1.04,285.5129496,38.079839,0.210528678,-0.758476165,0.616758934
1,1,Transit,2016,11.17931605,,1.34,,,,,6296,1.36,1.22,293.5808607,40.4275396,0.304523339,-0.697661536,0.648485865
1,1,Transit,2016,2.27163926,,1.29,,,,,6241,1.31,1.21,295.3298254,42.5349698,0.315251734,-0.666022648,0.67604007
1,1,Transit,2016,0.68368426,,1.41,,,,,4976,0.76,0.81,285.4106549,44.4122318,0.189820986,-0.688640519,0.699815854
1,1,Transit,2016,85.7565495,,1.08,,,,,5280,0.82,0.86,287.1349405,47.4886251,0.199087628,-0.645743,0.737143198
1,1,Transit,2016,196.435224,,2.07,,,,,5422,0.86,0.9,286.3782987,43.0732287,0.205979764,-0.700839135,0.682932533
1,1,Transit,2016,13.6473676,,0.92,,,,,6116,1.21,1.14,296.0598685,42.6560582,0.323083765,-0.660666901,0.677595843
1,1,Transit,2016,16.4735686,,1.73,,,,,4992,0.72,0.75,295.563555,39.41757,0.333359818,-0.696912889,0.634967445
1,1,Transit,2016,114.34219,,2.22,,,,,6132,1.27,1.18,290.1465356,39.6658026,0.265129639,-0.722681504,0.638308482
1,2,Transit,2014,4.921355,0.054,2.12,,,,,5078,0.81,,290.5164698,43.0838642,0.255972234,-0.684029359,0.683068116
1,2,Transit,2014,7.06424,0.068,2.05,,,,,5078,0.81,,290.5164698,43.0838642,0.255972234,-0.684029359,0.683068116
1,1,Transit,2016,8.70181574,,1.61,,,,,5383,0.87,0.91,295.9049795,45.4054296,0.306727122,-0.631539886,0.712092582
1,1,Transit,2016,5.1762429,,0.81,,,,,5605,0.93,0.94,296.5120204,49.7277506,0.288552691,-0.578443226,0.762981506
1,1,Transit,2016,3.91795101,,1.03,,,,,5643,0.94,0.96,291.2503022,45.6550536,0.253339109,-0.651450267,0.715144633
1,1,Transit,2016,1.5184299,,2.08,,,,,6005,1.12,1.08,289.8750066,43.4209318,0.246927764,-0.683061246,0.687352904
1,1,Transit,2016,3.9466141,,1.49,,,,,5121,0.76,0.79,284.8713893,49.7758867,0.16573933,-0.624148294,0.763524316
1,1,Transit,2016,47.3126192,,2.06,,,,,5865,1.05,1.04,286.3592066,42.2273971,0.208563326,-0.710504665,0.672074743
1,1,Transit,2016,6.76284377,,1.02,,,,,6266,1.34,1.21,286.5436691,45.3048716,0.20027165,-0.674218328,0.710859278
1,1,Transit,2016,27.4785572,,1.2,,,,,6167,1.22,1.15,287.9371747,46.4184781,0.212312929,-0.655878206,0.724394229
1,1,Transit,2016,6.10826019,,1.26,,,,,6620,1.65,1.41,295.1753619,45.9308594,0.295869881,-0.62945795,0.718501011
1,1,Transit,2016,23.6225913,,0.76,,,,,5852,1,1,285.703595,44.4221528,0.193306549,-0.687544348,0.699939531
1,2,Transit,2014,6.919798,0.069,1.26,,,,,5816,0.96,,297.2789115,43.7239693,0.331219582,-0.642306128,0.691184799
1,2,Transit,2014,19.446355,0.137,3.03,,,,,5816,0.96,,297.2789115,43.7239693,0.331219582,-0.642306128,0.691184799
1,1,Transit,2016,101.951829,,1.61,,,,,6157,1.23,1.15,297.2709026,46.9284743,0.312908519,-0.607005311,0.730501753
1,1,Transit,2016,92.263714,,2.16,,,,,6158,1.24,1.15,297.5885341,43.8411937,0.334030098,-0.639252191,0.692661916
1,1,Transit,2016,10.8118737,,1.47,,,,,6436,1.5,1.31,297.3288329,47.815459,0.308292915,-0.596569789,0.740985807
1,1,Transit,2016,4.36128348,,1.31,,,,,5772,1,1,294.082697,39.5560655,0.314610961,-0.703891831,0.636832972
1,1,Transit,2016,3.29030452,,5.7,,,,,3636,0.47,0.5,292.5798564,37.3762616,0.305128555,-0.733751272,0.607046651
1,1,Transit,2016,287.378949,,6.06,,,,,5677,0.94,0.96,295.429322,39.8865068,0.329483557,-0.69297527,0.641268946
1,1,Transit,2016,4.13962966,,2.02,,,,,6826,1.85,1.51,296.5004384,40.7212069,0.338175355,-0.678261832,0.652378968
1,1,Transit,2016,7.20283653,,3.69,,,,,5445,0.84,0.87,284.0566675,41.5767277,0.181691755,-0.725667549,0.663622419
1,1,Transit,2016,76.378033,,6.43,,,,,3724,0.52,0.55,281.6336936,43.4115547,0.1464887,-0.711512795,0.687234023
1,1,Transit,2016,3.87595807,,0.77,,,,,5776,1.01,1.01,280.2066276,43.7743281,0.127949831,-0.710643599,0.691819713
1,2,Transit,2014,7.810937,0.078,1.05,,,,,5776,0.92,,295.0027458,46.9873389,0.288322883,-0.618233064,0.731202977
1,2,Transit,2014,21.347262,0.152,2.26,,,,,5776,0.92,,295.0027458,46.9873389,0.288322883,-0.618233064,0.731202977
1,1,Transit,2016,509.997402,,2.19,,,,,4736,0.63,0.66,297.5083004,43.7110543,0.333860403,-0.641113085,0.691021883
1,1,Transit,2016,4.09513932,,1.35,,,,,5679,0.95,0.97,294.6325781,43.8076687,0.300789397,-0.655995303,0.692239771
1,1,Transit,2016,448.303558,,2.47,,,,,6137,1.19,1.12,294.4948769,43.9135575,0.298681013,-0.655550994,0.693572308
1,1,Transit,2016,186.404271,,1.58,,,,,6256,1.32,1.2,288.5151733,44.9232545,0.224846417,-0.671404162,0.706159005
1,1,Transit,2016,374.876239,,3.19,,,,,5474,0.89,0.92,294.043399,45.1398201,0.28739155,-0.64417838,0.708830242
1,1,Transit,2016,469.63111,,3.64,,,,,5347,0.85,0.89,285.3490542,45.5561768,0.185344619,-0.675233934,0.713937327
1,1,Transit,2016,425.47785,,3.23,,,,,5797,1.02,1.01,294.0575681,46.4409844,0.280915149,-0.629243483,0.72466497
1,1,Transit,2016,6.10960324,,0.89,,,,,5789,1.02,1.02,282.2368006,48.1542016,0.141399503,-0.651970963,0.74494298
1,1,Transit,2016,259.33683,,1.87,,,,,5710,0.95,0.97,295.4823299,48.5244695,0.284943184,-0.597870255,0.74923864
1,1,Transit,2016,9.878482,,2.58,,,,,6150,1.18,1.12,283.068651,48.8021209,0.148935489,-0.641602162,0.752439291
1,3,Transit,2014,5.03503,0.058,1.41,,,,,5888,1.15,,287.7808115,47.6298453,0.205798553,-0.641725748,0.738806484
1,3,Transit,2014,10.945723,0.097,2.73,,,,,5888,1.15,,287.7808115,47.6298453,0.205798553,-0.641725748,0.738806484
1,3,Transit,2014,28.986769,0.187,2.45,,,,,5888,1.15,,287.7808115,47.6298453,0.205798553,-0.641725748,0.738806484
1,1,Transit,2016,7.5844126,,4.82,,,,,6324,1.43,1.27,294.5577857,40.8504949,0.314375845,-0.68799519,0.654087492
1,2,Transit,2016,19.672266,,3.11,,,,,6152,1.19,1.12,296.359456,41.5745321,0.332154277,-0.670311024,0.663593752
1,2,Transit,2016,32.657212,,2.95,,,,,6152,1.19,1.12,296.359456,41.5745321,0.332154277,-0.670311024,0.663593752
1,2,Transit,2016,12.2057513,,3.2,,,,,5355,0.84,0.88,297.2121215,43.643789,0.330912604,-0.643551362,0.690172799
1,2,Transit,2016,6.6513802,,2.66,,,,,5355,0.84,0.88,297.2121215,43.643789,0.330912604,-0.643551362,0.690172799
1,1,Transit,2016,5.34264507,,2.3,,,,,5508,0.88,0.92,300.4310076,44.7510129,0.359702922,-0.612339283,0.704027279
1,1,Transit,2016,21.0907758,,1.88,,,,,5499,0.86,0.89,285.4750512,48.0348356,0.178416002,-0.644436864,0.743551517
1,1,Transit,2016,16.1779561,,1.78,,,,,5812,1.02,1.02,297.4795142,48.418582,0.306244503,-0.588804125,0.748013374
1,1,Transit,2016,4.48558383,,1.23,,,,,3299,0.26,0.24,287.5264859,42.9129356,0.220556544,-0.698390108,0.680886237
2,1,Transit,2016,1107.5923,2.7205,11.874,483,0.0581,,,6210,1.79,1.22,298.150057,40.6561751,0.357909634,-0.668898024,0.651518325
1,2,Transit,2017,8.689099,,1.017,,,2.21,307,3240,0.23,0.2,292.5029676,41.8299933,0.285183405,-0.688392796,0.666922622
1,2,Transit,2020,19.53527,,1.06,,,0.75,234,3240,0.23,0.2,292.5029676,41.8299933,0.285183405,-0.688392796,0.666922622
1,2,Transit,2014,8.180848,0.072,2.32,,,,,5211,0.77,,280.69092,47.8096702,0.12458829,-0.659938133,0.740917957
1,2,Transit,2014,15.31299,0.11,2.23,,,,,5211,0.77,,280.69092,47.8096702,0.12458829,-0.659938133,0.740917957
1,1,Transit,2017,1.53818001,,0.96,,0.01,,,3410,0.33,0.33,297.7292296,42.8666919,0.341031647,-0.648765184,0.6802949
2,1,Transit,2017,9.87863917,,1.84,,0.13,,,3713,0.5,0.52,283.6282602,48.3908081,0.156463547,-0.645349888,0.747691568
1,1,Transit,2017,38.09722,0.1654,1.6,,,0.81,268,3638,0.38,0.4,294.3660313,49.9150219,0.265659759,-0.586567813,0.765090252
1,1,Transit,2017,140.2524,0.4706,2.17,,,0.98,284,4807,0.69,0.72,296.457702,41.266021,0.334890309,-0.672929669,0.659556018
1,1,Transit,2018,1047.8356,2.026,9.18,158.915,0.26,0.3,206,5597,1.18,1.01,282.1856949,44.4344617,0.150722579,-0.697963157,0.700092948
1,1,Transit,2018,11.8728787,0.103,2.213,5,,155,,6148,1.03,1.03,286.6895986,39.2120802,0.222515424,-0.742172018,0.632192677
1,1,Transit,2018,31.578659,0.197,5.02,48.6,0.836,,651,5731,1.1,1.03,284.4722473,39.911889,0.191689763,-0.74269319,0.641608806
1,1,Transit,2019,3.84937278,0.0544,11.994,1868.8404,0.0628,,,6216,2.89,1.45,294.3565559,38.9473424,0.320744108,-0.708503953,0.628605891
1,3,Transit,2014,7.650254,0.072,2.27,,,,,5413,0.74,,293.1600977,48.8812074,0.258644,-0.604624237,0.753347737
1,3,Transit,2014,34.260281,0.195,2.38,,,,,5413,0.74,,293.1600977,48.8812074,0.258644,-0.604624237,0.753347737
1,3,Transit,2016,1.55400393,,1.73,,,,,5350,0.83,0.88,293.1600977,48.8812074,0.258644,-0.604624237,0.753347737
2,1,Transit,2020,175.06,0.633,3.87,17,0.057,0.88,243,5100,0.76,0.84,285.1670927,41.9669383,0.194533601,-0.717631346,0.668701674
1,1,Transit,2020,17.6046,,3.304,,,,,3844,0.63,0.61,290.4015156,48.8227234,0.229513023,-0.617091957,0.752676085
1,1,Transit,2020,14.3868,,3.033,,,,,5735.81,,,286.8527157,49.2616668,0.189198466,-0.624578141,0.757697886
1,1,Transit,2020,11.9548,,2.839,,,,,5049.84,0.78,0.84,290.39624,41.0399229,0.262864862,-0.706964315,0.656584741
1,2,Transit,2020,25.8476,,2.883,,,,,6293,1.15,1.23,297.9516071,46.2647024,0.324043008,-0.610680012,0.722541384
1,2,Transit,2020,40.7157,,3.236,,,,,6293,1.15,1.23,297.9516071,46.2647024,0.324043008,-0.610680012,0.722541384
1,1,Transit,2020,83.5781,,2.984,,,,,5941.54,1.09,1.09,283.5329505,48.0943604,0.156292986,-0.649361748,0.744245808
1,1,Transit,2020,15.434,,4.348,,,,,5542,1.02,0.98,297.3523076,46.0959309,0.318614343,-0.615923666,0.720501865
1,1,Transit,2020,9.51216,,2.78,,,,,4303,0.71,0.67,297.4303826,39.8478795,0.35367902,-0.68143134,0.640751496
2,4,Transit,2014,4.3931632,0.0483,1.615,,0,115.8,914,4890,0.73,0.77,292.6585253,38.3455558,0.302135857,-0.723750148,0.62040281
2,4,Transit,2014,7.406114,0.0684,1.548,,0,57.7,768,4890,0.73,0.77,292.6585253,38.3455558,0.302135857,-0.723750148,0.62040281
2,4,Transit,2016,21.803855,0.1405,1.194,,0.12,13.68,536,4890,0.73,0.77,292.6585253,38.3455558,0.302135857,-0.723750148,0.62040281
2,4,Transit,2016,1071.23228,1.89,10.15,,0.062,0.07,131,4890,0.73,0.77,292.6585253,38.3455558,0.302135857,-0.723750148,0.62040281
1,1,Transit,2020,20.4998,,3.356,,,,,5838,1.52,1.05,290.3264599,43.121755,0.253545414,-0.68445073,0.683550964
1,1,Transit,2020,4.16787,,1.326,,,,,5135.55,0.93,0.87,291.7484295,39.4467817,0.286130375,-0.71724857,0.635361234
1,1,Transit,2020,150.878,,2.97,,,,,6131.95,1.09,1.16,297.9400971,40.2785566,0.357460254,-0.673983944,0.6465043
1,1,Transit,2020,33.7888,,2.936,,,,,6014.95,1.13,1.11,285.6671724,48.7195865,0.178163313,-0.635233067,0.75148971
1,1,Transit,2020,62.5611,,3.206,,,,,5473.91,0.88,0.96,294.8160447,45.3060844,0.295187488,-0.638374708,0.710874165
1,1,Transit,2020,63.0382,,3.125,,,,,5853.19,1.13,1.06,283.8095478,41.0412517,0.180032824,-0.732435451,0.656602233
1,1,Transit,2020,29.9221,,3.377,,,,,5878.3,1.06,,287.2368778,43.5671665,0.214705733,-0.692025061,0.689204442
1,1,Transit,2020,22.064,,2.702,,,,,6013.72,1.25,1.11,298.493273,47.0130566,0.325271606,-0.599243543,0.731509097
1,1,Transit,2020,147.974,,3.304,,,,,5754,0.83,1.03,292.5916297,38.3995629,0.30106585,-0.723562172,0.621141802
1,1,Transit,2020,9.75376,,2.069,,,,,5501,0.87,0.96,293.9005786,50.4270507,0.258105438,-0.582432147,0.7708141
1,2,Transit,2014,4.425391,0.056,1.46,,,,,6282,1.11,,294.7101832,39.8250437,0.321047447,-0.697680558,0.640445451
1,2,Transit,2014,13.193242,0.116,2.69,,,,,6282,1.11,,294.7101832,39.8250437,0.321047447,-0.697680558,0.640445451
1,1,Transit,2020,8.77424,,1.36,,,,,5021,0.72,0.83,297.0746571,39.9338893,0.34900332,-0.682756808,0.641903282
1,1,Transit,2020,69.8956,,2.553,,,,,5756.4,,,296.6972773,46.3716969,0.309990567,-0.61642061,0.723831113
1,1,Transit,2020,14.8334,,2.889,,,,,5619.12,0.84,0.99,293.9835827,39.5728474,0.313317016,-0.70426456,0.63705877
1,1,Transit,2020,15.0337,,1.875,,,,,5429,0.9,0.95,298.4501035,44.2840193,0.341043978,-0.62943143,0.69821564
1,1,Transit,2020,47.7055,,2.871,,,,,4706.54,0.67,0.75,294.0054181,46.3106625,0.281012136,-0.631002997,0.723095704
1,1,Transit,2020,20.4905,,2.577,,,,,5484,0.84,0.96,296.1882618,43.9368118,0.317798398,-0.646185773,0.69386463
1,1,Transit,2020,9.30987,,1.426,,,,,5714.96,1.2,1.02,291.6067189,42.0359783,0.273496105,-0.690535713,0.669597125
1,1,Transit,2020,5.77954,,1.656,,,,,4132,0.73,0.65,289.7428363,50.7870626,0.213557995,-0.595042201,0.774801757
1,1,Transit,2020,5.62012,,1.262,,,,,4632.11,,,289.5530051,41.2978532,0.25144043,-0.707963746,0.659973519
1,1,Transit,2020,8.483,,0.947,,,,,5731.43,1,1.02,291.5741663,38.6559433,0.28714509,-0.726202179,0.624642372
1,5,Transit,2014,3.250619,0.04,1.13,,,,,4997,0.76,,285.9999204,40.9193822,0.20827938,-0.726360328,0.654996469
1,5,Transit,2014,6.195469,0.062,1.21,,,,,4997,0.76,,285.9999204,40.9193822,0.20827938,-0.726360328,0.654996469
1,5,Transit,2014,8.348125,0.075,1.25,,,,,4997,0.76,,285.9999204,40.9193822,0.20827938,-0.726360328,0.654996469
1,5,Transit,2014,13.767102,0.105,2.2,,,,,4997,0.76,,285.9999204,40.9193822,0.20827938,-0.726360328,0.654996469
1,5,Transit,2014,87.090195,0.359,2.58,,,,,4997,0.76,,285.9999204,40.9193822,0.20827938,-0.726360328,0.654996469
1,1,Transit,2020,234.636,,2.811,,,,,5404,0.86,0.94,288.1566649,41.8779417,0.232019732,-0.707495049,0.667545954
1,1,Transit,2020,3.8482,,1.835,,,,,6000,1.13,1.11,286.2543962,41.0218373,0.211175227,-0.724302513,0.656346626
1,1,Transit,2020,5.95966,,1.112,,,,,5146,0.87,0.87,286.9241804,47.0537092,0.198334132,-0.651805399,0.731992687
1,1,Transit,2020,12.0999,,1.289,,,,,5432.34,0.88,0.95,290.2015581,48.1857799,0.230233356,-0.625703431,0.745310552
1,1,Transit,2020,3.89526,,1.18,,,,,4954,0.76,0.82,293.7936339,40.241023,0.307962119,-0.698453765,0.64600439
1,1,Transit,2020,4.7329,,1.119,,,,,5473.19,0.99,0.96,293.6193001,46.4134015,0.276233499,-0.631693399,0.724333144
1,1,Transit,2020,65.9409,,2.81,,,,,5712,1.2,1.02,295.5761011,42.0233639,0.320704892,-0.670079878,0.669433588
1,1,Transit,2020,33.4969,,1.26,,,,,4681.53,0.77,0.75,287.663331,43.4713782,0.220199794,-0.691504791,0.687992133
1,1,Transit,2020,1.2107,,1.073,,,,,4975.03,0.74,0.82,293.3450181,39.2577469,0.30683236,-0.710918681,0.632810028
1,1,Transit,2020,3.49082,,1.567,,,,,5575.53,,,292.1373281,48.9171579,0.24763223,-0.608706673,0.753760217
1,1,Transit,2011,1.4857108,0.02591,14.68,778.65,0.011,,1570,5781,1.01,1.04,298.3952437,47.8149865,0.319345365,-0.590734102,0.740980269
1,2,Transit,2014,7.930592,0.08,3.2,,,,,5679,1.03,,284.5211975,41.6296562,0.187415333,-0.723576871,0.664313183
1,2,Transit,2014,16.665863,0.131,2.86,,,,,5679,1.03,,284.5211975,41.6296562,0.187415333,-0.723576871,0.664313183
1,1,Transit,2020,234.239,,2.901,,,,,6031,1.09,1.12,286.9497376,45.3537626,0.204868009,-0.672201557,0.71145918
1,1,Transit,2020,169.134,,2.222,,,,,5146,0.84,0.87,286.6088625,41.8892986,0.212787129,-0.713377175,0.667693525
1,1,Transit,2020,18.5012,,1.602,,,,,5093,0.73,0.85,284.9724842,44.5674794,0.184058521,-0.688237664,0.7017488
1,3,Transit,2014,4.166972,0.05,2.34,,,,,5642,0.84,,296.7719082,41.7555958,0.336024682,-0.666027013,0.665954527
1,3,Transit,2014,11.463462,0.098,2.56,,,,,5642,0.84,,296.7719082,41.7555958,0.336024682,-0.666027013,0.665954527
1,3,Transit,2014,39.595519,0.223,1.89,,,,,5642,0.84,,296.7719082,41.7555958,0.336024682,-0.666027013,0.665954527
1,4,Transit,2014,2.940309,0.04,2.35,,,,,5526,1.08,,283.3684093,41.821839,0.172303883,-0.725028989,0.666816569
1,4,Transit,2014,6.388996,0.068,2.86,,,,,5526,1.08,,283.3684093,41.821839,0.172303883,-0.725028989,0.666816569
1,4,Transit,2014,14.627119,0.118,2.25,,,,,5526,1.08,,283.3684093,41.821839,0.172303883,-0.725028989,0.666816569
1,4,Transit,2014,35.118736,0.211,2.76,,,,,5526,1.08,,283.3684093,41.821839,0.172303883,-0.725028989,0.666816569
1,2,Transit,2014,4.263742,0.048,1.29,,,,,6031,0.95,,294.6466171,41.8840952,0.310470417,-0.676671085,0.667625915
1,2,Transit,2014,8.005777,0.074,2.43,,,,,6031,0.95,,294.6466171,41.8840952,0.310470417,-0.676671085,0.667625915
1,3,Transit,2014,13.98179,0.1,1.96,,,,,4880,0.62,,287.4389454,43.8320052,0.216187948,-0.688216884,0.692546238
1,3,Transit,2014,44.000529,0.214,1.49,,,,,4880,0.62,,287.4389454,43.8320052,0.216187948,-0.688216884,0.692546238
1,3,Transit,2014,247.35373,0.677,2.19,,,,,4880,0.62,,287.4389454,43.8320052,0.216187948,-0.688216884,0.692546238
1,2,Transit,2014,11.903515,0.105,2.56,,,,,6064,1.01,,289.553232,43.876116,0.241252565,-0.679269935,0.693101403
1,2,Transit,2014,34.035257,0.213,3.1,,,,,6064,1.01,,289.553232,43.876116,0.241252565,-0.679269935,0.693101403
1,4,Transit,2014,5.433074,0.058,1.43,,,,,5232,0.89,,294.6679021,43.8532104,0.300964037,-0.655309513,0.692813172
1,4,Transit,2014,12.759712,0.102,2.6,,,,,5232,0.89,,294.6679021,43.8532104,0.300964037,-0.655309513,0.692813172
1,4,Transit,2014,25.751974,0.163,2.51,,,,,5232,0.89,,294.6679021,43.8532104,0.300964037,-0.655309513,0.692813172
1,4,Transit,2016,51.16579,,1.45,,,,,5295,0.83,0.87,294.6679021,43.8532104,0.300964037,-0.655309513,0.692813172
1,2,Transit,2013,35.8601,,3.5,5.84,0,30.4,,5732,1.32,0.92,286.0471442,45.0532038,0.195282673,-0.678922747,0.707763083
1,2,Transit,2013,49.40926,,8.73,14.7,0,25.4,,5732,1.32,0.92,286.0471442,45.0532038,0.195282673,-0.678922747,0.707763083
1,3,Transit,2014,9.576694,0.085,2.9,,,,,5676,1.07,,287.1010275,46.8964033,0.200935232,-0.653108505,0.730119383
1,3,Transit,2014,20.552802,0.142,2.88,,,,,5676,1.07,,287.1010275,46.8964033,0.200935232,-0.653108505,0.730119383
1,3,Transit,2014,96.678988,0.397,3.95,,,,,5676,1.07,,287.1010275,46.8964033,0.200935232,-0.653108505,0.730119383
1,2,Transit,2014,2.735926,0.036,1.64,,,,,5302,0.76,,298.6636163,47.7619329,0.322437811,-0.5898336,0.740358144
1,2,Transit,2014,6.40013,0.064,2,,,,,5302,0.76,,298.6636163,47.7619329,0.322437811,-0.5898336,0.740358144
1,3,Transit,2011,3.504725,0.0447,2,6.9,0,,,5345,1.11,0.97,298.0794448,44.746248,0.334302677,-0.62663424,0.703968217
1,3,Transit,2011,7.64159,0.0752,5.49,17.3,0,,,5345,1.11,0.97,298.0794448,44.746248,0.334302677,-0.62663424,0.703968217
1,3,Transit,2011,14.85888,0.1172,6.98,16.4,0,,,5345,1.11,0.97,298.0794448,44.746248,0.334302677,-0.62663424,0.703968217
1,2,Transit,2014,13.817124,0.109,1.5,,,,,5731,1.06,,295.5712566,49.774514,0.278747634,-0.582540987,0.763508844
1,2,Transit,2014,41.885775,0.229,3.01,,,,,5731,1.06,,295.5712566,49.774514,0.278747634,-0.582540987,0.763508844
1,2,Transit,2014,3.137873,0.04,1.27,,,,,5333,0.75,,296.1512831,50.0957806,0.282739194,-0.575837353,0.767117912
1,2,Transit,2014,4.302149,0.049,1.99,,,,,5333,0.75,,296.1512831,50.0957806,0.282739194,-0.575837353,0.767117912
1,2,Transit,2014,9.825792,0.096,2.58,,,,,6250,1.15,,289.8301128,50.5862025,0.215384255,-0.597267682,0.7725807
1,2,Transit,2014,20.684342,0.157,3.43,,,,,6250,1.15,,289.8301128,50.5862025,0.215384255,-0.597267682,0.7725807
1,2,Transit,2014,5.687945,0.064,2.06,,,,,5888,0.96,,293.5308112,39.3159329,0.308879311,-0.70933041,0.633596039
1,2,Transit,2014,11.637071,0.103,2.27,,,,,5888,0.96,,293.5308112,39.3159329,0.308879311,-0.70933041,0.633596039
1,3,Transit,2014,10.687576,0.092,2.36,,,,,5788,0.87,,291.9518784,43.0746172,0.273068043,-0.677504849,0.682950235
1,3,Transit,2014,20.303005,0.141,1.97,,,,,5788,0.87,,291.9518784,43.0746172,0.273068043,-0.677504849,0.682950235
1,3,Transit,2014,29.022358,0.179,2.49,,,,,5788,0.87,,291.9518784,43.0746172,0.273068043,-0.677504849,0.682950235
1,2,Transit,2014,1.6329,0.026,1.17,,,,,5208,0.81,,282.4681674,43.8899464,0.155591209,-0.703676501,0.693275384
1,2,Transit,2014,20.729042,0.139,2.02,,,,,5208,0.81,,282.4681674,43.8899464,0.155591209,-0.703676501,0.693275384
1,5,Transit,2014,3.8867907,0.0343,1.07,,,,,3788,0.47,0.48,298.652736,43.9549884,0.345184834,-0.631729593,0.694093042
1,5,Transit,2014,7.267302,0.0451,1.25,,,,,3788,0.47,0.48,298.652736,43.9549884,0.345184834,-0.631729593,0.694093042
1,5,Transit,2014,13.342996,0.0781,1.4,,,,,3788,0.47,0.48,298.652736,43.9549884,0.345184834,-0.631729593,0.694093042
1,5,Transit,2014,22.407704,0.11,1.27,,,,,3788,0.47,0.48,298.652736,43.9549884,0.345184834,-0.631729593,0.694093042
1,5,Transit,2014,129.9441,0.432,1.17,,0.04,0.3,,3755,0.52,0.54,298.652736,43.9549884,0.345184834,-0.631729593,0.694093042
1,2,Transit,2014,4.938864,0.059,1.41,,,,,6105,1.29,,299.7964955,44.0892448,0.356916862,-0.623300372,0.695777982
1,2,Transit,2014,10.640263,0.099,2.67,,,,,6105,1.29,,299.7964955,44.0892448,0.356916862,-0.623300372,0.695777982
1,2,Transit,2014,2.061897,0.032,1.68,,,,,6021,1.14,,281.2797173,44.3154743,0.139951879,-0.701683377,0.698608552
1,2,Transit,2014,5.996553,0.066,3.19,,,,,6021,1.14,,281.2797173,44.3154743,0.139951879,-0.701683377,0.698608552
1,2,Transit,2014,10.399931,0.088,1.21,,,,,5235,0.75,,287.5646296,44.3050662,0.215964118,-0.682266219,0.698478566
1,2,Transit,2014,20.134866,0.137,2.38,,,,,5235,0.75,,287.5646296,44.3050662,0.215964118,-0.682266219,0.698478566
1,3,Transit,2011,9.28716,,,8.4,0.12,,,5544,0.86,0.94,290.4209694,37.8516556,0.275504067,-0.739979064,0.613619177
1,3,Timing Variation,2011,28.731,,,13.1,0.21,,,5544,0.86,0.94,290.4209694,37.8516556,0.275504067,-0.739979064,0.613619177
1,3,Radial Velocity,2017,62.95,,,22.5,0.05,,,5544,0.86,0.94,290.4209694,37.8516556,0.275504067,-0.739979064,0.613619177
1,2,Transit,2014,2.019999,0.03,1.56,,,,,5106,0.8,,288.5839761,44.7337701,0.226395531,-0.673343586,0.703813525
1,2,Transit,2014,3.763024,0.045,1.46,,,,,5106,0.8,,288.5839761,44.7337701,0.226395531,-0.673343586,0.703813525
1,3,Transit,2014,9.939632,0.087,1.34,,,,,5282,0.79,,291.1833211,45.3230937,0.254070347,-0.655598451,0.711082927
1,3,Transit,2014,17.738506,0.128,1.86,,,,,5282,0.79,,291.1833211,45.3230937,0.254070347,-0.655598451,0.711082927
1,3,Transit,2016,5.94504102,,2.28,,,,,5215,0.8,0.84,291.1833211,45.3230937,0.254070347,-0.655598451,0.711082927
1,3,Transit,2014,9.926746,0.09,2.74,,,,,5479,1.01,,287.9179379,45.5928829,0.215281894,-0.665812801,0.714385764
1,3,Transit,2014,21.2234,0.15,2.79,,,,,5479,1.01,,287.9179379,45.5928829,0.215281894,-0.665812801,0.714385764
1,3,Transit,2016,6.47027579,,1.02,,,,,5487,0.94,0.94,287.9179379,45.5928829,0.215281894,-0.665812801,0.714385764
1,2,Transit,2014,11.38848,0.106,2.39,,,,,6335,1.15,,296.4985951,46.5772484,0.306690572,-0.615163897,0.726301778
1,2,Transit,2014,50.697494,0.286,2.75,,,,,6335,1.15,,296.4985951,46.5772484,0.306690572,-0.615163897,0.726301778
1,3,Transit,2014,2.092281,0.032,1.51,,,,,6089,1.02,,291.971429,47.8640498,0.251010365,-0.622165513,0.741555036
1,3,Transit,2014,17.308032,0.131,2.59,,,,,6089,1.02,,291.971429,47.8640498,0.251010365,-0.622165513,0.741555036
1,3,Transit,2014,52.814973,0.275,2.4,,,,,6089,1.02,,291.971429,47.8640498,0.251010365,-0.622165513,0.741555036
1,2,Transit,2014,8.307872,0.077,2.03,,,,,5329,0.78,,288.1209339,47.9666141,0.208250119,-0.636354613,0.742754801
1,2,Transit,2014,34.096863,0.197,1.55,,,,,5329,0.78,,288.1209339,47.9666141,0.208250119,-0.636354613,0.742754801
1,2,Transit,2014,20.739886,0.138,1.9,,,,,5128,0.78,,284.9685077,42.0791214,0.191706611,-0.717035038,0.670156198
1,2,Transit,2014,47.427737,0.24,2.24,,,,,5128,0.78,,284.9685077,42.0791214,0.191706611,-0.717035038,0.670156198
2,4,Transit,2014,5.599308,0.06,1.02,,,,,6004,1.12,,295.2264739,50.5592348,0.270754699,-0.574693616,0.772281775
2,4,Transit,2014,10.349695,0.09,1.23,,,,,6004,1.12,,295.2264739,50.5592348,0.270754699,-0.574693616,0.772281775
2,4,Transit,2014,15.677563,0.119,1.22,,,,,6004,1.12,,295.2264739,50.5592348,0.270754699,-0.574693616,0.772281775
2,4,Transit,2014,25.209715,0.164,0.91,,,,,6004,1.12,,295.2264739,50.5592348,0.270754699,-0.574693616,0.772281775
1,3,Transit,2014,17.790037,0.131,2.82,,,,,5574,0.94,,290.6731326,38.6910045,0.2755548,-0.730270078,0.62512012
1,3,Transit,2014,49.567416,0.259,2.47,,,,,5574,0.94,,290.6731326,38.6910045,0.2755548,-0.730270078,0.62512012
1,3,Transit,2016,1.31184443,,1.53,,,,,5636,0.93,0.97,290.6731326,38.6910045,0.2755548,-0.730270078,0.62512012
1,2,Transit,2014,23.637604,0.158,3.11,,,,,5644,0.97,,295.5594278,40.236249,0.329361282,-0.688681093,0.645940785
1,2,Transit,2014,67.093408,0.316,3.25,,,,,5644,0.97,,295.5594278,40.236249,0.329361282,-0.688681093,0.645940785
2,6,Transit,2011,3.69611525,0.0463,1.868,9.7,0.03,,1105,5495,0.96,0.95,287.6979913,42.3385782,0.224709794,-0.704194074,0.673510367
2,6,Transit,2011,10.85409089,0.0949,3.047,12.75,0.16,,772,5495,0.96,0.95,287.6979913,42.3385782,0.224709794,-0.704194074,0.673510367
2,6,Transit,2011,77.61130017,0.3506,2.744,10.07,,,401,5495,0.96,0.95,287.6979913,42.3385782,0.224709794,-0.704194074,0.673510367
2,6,Transit,2011,6.09852281,0.0639,0.865,,,,,5495,0.96,0.95,287.6979913,42.3385782,0.224709794,-0.704194074,0.673510367
2,6,Transit,2011,19.57758478,0.1396,1.003,,,,,5495,0.96,0.95,287.6979913,42.3385782,0.224709794,-0.704194074,0.673510367
2,6,Radial Velocity,2016,34.94,0.2055,,19.96,0.15,,524,5495,0.96,0.95,287.6979913,42.3385782,0.224709794,-0.704194074,0.673510367
1,2,Transit,2014,8.594805,0.08,2.13,,,,,5678,0.94,,284.4099503,41.2374928,0.187137234,-0.72832628,0.659181679
1,2,Transit,2014,10.222157,0.09,1.59,,,,,5678,0.94,,284.4099503,41.2374928,0.187137234,-0.72832628,0.659181679
1,2,Transit,2014,25.672083,0.175,2.46,,,,,6065,1.23,,293.626059,41.2728004,0.30120648,-0.688580565,0.659644952
1,2,Transit,2014,151.884058,0.573,2.85,,,,,6065,1.23,,293.626059,41.2728004,0.30120648,-0.688580565,0.659644952
1,2,Transit,2014,4.069427,0.045,1.63,,,,,4668,0.67,,282.9734874,41.3217991,0.168602531,-0.731842653,0.660287451
1,2,Transit,2014,16.282493,0.113,1.85,,,,,4668,0.67,,282.9734874,41.3217991,0.168602531,-0.731842653,0.660287451
1,3,Transit,2014,3.162697,0.043,2.57,,,,,5821,1.11,,297.089959,41.3880686,0.341654954,-0.667940943,0.661155646
1,3,Transit,2014,5.370647,0.061,2.47,,,,,5821,1.11,,297.089959,41.3880686,0.341654954,-0.667940943,0.661155646
1,3,Transit,2014,11.32972,0.1,1.44,,,,,5821,1.11,,297.089959,41.3880686,0.341654954,-0.667940943,0.661155646
1,2,Transit,2014,14.400974,0.117,2.53,,,,,5812,1.24,,285.347162,41.761845,0.197420268,-0.71932012,0.666035887
1,2,Transit,2014,25.660593,0.173,1.79,,,,,5812,1.24,,285.347162,41.761845,0.197420268,-0.71932012,0.666035887
1,2,Transit,2014,2.75564,0.032,1.51,,,,,4321,0.55,,285.2866912,41.8609357,0.196356991,-0.718415877,0.667324928
1,2,Transit,2014,20.306546,0.122,1.64,,,,,4321,0.55,,285.2866912,41.8609357,0.196356991,-0.718415877,0.667324928
1,3,Transit,2014,7.781987,0.078,1.2,,,,,5764,1.19,,291.6346564,41.8338415,0.274702024,-0.692593864,0.666972666
1,3,Transit,2014,13.137471,0.111,1.77,,,,,5764,1.19,,291.6346564,41.8338415,0.274702024,-0.692593864,0.666972666
1,3,Transit,2014,23.44281,0.163,1.19,,,,,5764,1.19,,291.6346564,41.8338415,0.274702024,-0.692593864,0.666972666
1,3,Transit,2014,1.611865,0.029,1.57,,,,,5920,1.59,,290.0305195,42.1660555,0.253877126,-0.696367314,0.671281587
1,3,Transit,2014,3.071571,0.044,1.5,,,,,5920,1.59,,290.0305195,42.1660555,0.253877126,-0.696367314,0.671281587
1,3,Transit,2014,5.868075,0.068,3.31,,,,,5920,1.59,,290.0305195,42.1660555,0.253877126,-0.696367314,0.671281587
1,4,Transit,2014,4.22864,0.054,1.63,,,,,6092,1.31,,293.8901979,42.5279413,0.298452925,-0.673808497,0.675949674
1,4,Transit,2014,7.466623,0.079,1.39,,,,,6092,1.31,,293.8901979,42.5279413,0.298452925,-0.673808497,0.675949674
1,4,Transit,2014,11.131786,0.103,1.2,,,,,6092,1.31,,293.8901979,42.5279413,0.298452925,-0.673808497,0.675949674
1,4,Transit,2014,16.259458,0.132,1.48,,,,,6092,1.31,,293.8901979,42.5279413,0.298452925,-0.673808497,0.675949674
1,2,Transit,2014,16.087845,0.122,2.26,,,,,5513,0.94,,291.1694567,42.6407281,0.265651088,-0.685973784,0.677399045
1,2,Transit,2014,41.749882,0.231,3.1,,,,,5513,0.94,,291.1694567,42.6407281,0.265651088,-0.685973784,0.677399045
2,1,Transit,2012,2.78578,0.042717,1.639,5.08,0.02,,2025,6305,1.9,1.41,287.3619673,38.7141384,0.232840088,-0.744725642,0.625435218
1,2,Transit,2014,2.453234,0.032,2.94,,,,,4559,0.65,,292.5034196,43.0832188,0.279537849,-0.67475016,0.683059889
1,2,Transit,2014,7.972513,0.07,3.62,,,,,4559,0.65,,292.5034196,43.0832188,0.279537849,-0.67475016,0.683059889
1,2,Transit,2014,4.138575,0.048,1.26,,,,,5123,0.82,,285.4391183,43.1685051,0.194162006,-0.703025576,0.684146296
1,2,Transit,2014,6.04045,0.062,1.29,,,,,5123,0.82,,285.4391183,43.1685051,0.194162006,-0.703025576,0.684146296
1,2,Transit,2014,16.257582,0.133,1.09,,,,,5852,1.46,,287.6208165,43.1416239,0.220881615,-0.695430335,0.683804037
1,2,Transit,2014,31.805174,0.207,2.74,,,,,5852,1.46,,287.6208165,43.1416239,0.220881615,-0.695430335,0.683804037
1,2,Transit,2014,2.46236,0.036,1.62,,,,,5696,1.2,,290.8241931,44.6472832,0.25292036,-0.664971583,0.702740412
1,2,Transit,2014,4.822962,0.057,2.34,,,,,5696,1.2,,290.8241931,44.6472832,0.25292036,-0.664971583,0.702740412
1,2,Transit,2014,15.660544,0.13,2.61,,,,,6169,1.35,,284.7548499,44.95605,0.180226733,-0.684313814,0.706564171
1,2,Transit,2014,28.7798,0.194,2.13,,,,,6169,1.35,,284.7548499,44.95605,0.180226733,-0.684313814,0.706564171
1,4,Transit,2014,9.360672,0.084,1.62,,,,,5739,1.03,,294.9735313,45.2136867,0.297424663,-0.638599302,0.709739038
1,4,Transit,2014,14.667108,0.113,1.77,,,,,5739,1.03,,294.9735313,45.2136867,0.297424663,-0.638599302,0.709739038
1,4,Transit,2014,30.864423,0.185,2.39,,,,,5739,1.03,,294.9735313,45.2136867,0.297424663,-0.638599302,0.709739038
1,4,Transit,2014,68.16101,0.314,1.75,,,,,5739,1.03,,294.9735313,45.2136867,0.297424663,-0.638599302,0.709739038
1,2,Transit,2014,7.693641,0.079,2.35,,,,,6091,1.26,,293.7280695,46.1291139,0.278874974,-0.634450231,0.720903359
1,2,Transit,2014,17.406669,0.136,3.04,,,,,6091,1.26,,293.7280695,46.1291139,0.278874974,-0.634450231,0.720903359
1,3,Transit,2014,5.374943,0.065,2.23,,,,,6171,1.8,,293.0377331,46.2775223,0.270479001,-0.636043653,0.72269605
1,3,Transit,2014,8.586004,0.089,1.85,,,,,6171,1.8,,293.0377331,46.2775223,0.270479001,-0.636043653,0.72269605
1,3,Transit,2016,3.88689525,,1.32,,,,,6341,1.76,1.37,293.0377331,46.2775223,0.270479001,-0.636043653,0.72269605
1,3,Transit,2014,3.619337,0.046,1.48,,,,,5502,1.06,,295.4128785,46.2665801,0.296664928,-0.624412627,0.72256404
1,3,Transit,2014,44.699576,0.248,3.14,,,,,5502,1.06,,295.4128785,46.2665801,0.296664928,-0.624412627,0.72256404
1,3,Transit,2016,124.5244647,,2.66,,,,,5542,1.02,1.01,295.4128785,46.2665801,0.296664928,-0.624412627,0.72256404
1,3,Transit,2014,4.585512,0.057,2.95,,,,,5786,1.49,,288.7389481,46.7625929,0.220068263,-0.648711272,0.728521547
1,3,Transit,2014,22.714613,0.165,3.58,,,,,5786,1.49,,288.7389481,46.7625929,0.220068263,-0.648711272,0.728521547
1,3,Transit,2014,47.903645,0.272,2.81,,,,,5786,1.49,,288.7389481,46.7625929,0.220068263,-0.648711272,0.728521547
1,1,Transit,2011,289.8623,0.849,2.38,36,0,,262,5518,0.98,0.97,289.2172051,47.8841427,0.220738648,-0.633262705,0.741790264
1,4,Transit,2014,4.159807,0.046,0.81,,,,,4632,0.67,,291.5060432,46.8956262,0.250508161,-0.635755363,0.730110115
1,4,Transit,2014,9.034199,0.076,1.57,,,,,4632,0.67,,291.5060432,46.8956262,0.250508161,-0.635755363,0.730110115
1,4,Transit,2014,28.122397,0.163,0.98,,,,,4632,0.67,,291.5060432,46.8956262,0.250508161,-0.635755363,0.730110115
1,4,Transit,2014,45.902733,0.226,1.33,,,,,4632,0.67,,291.5060432,46.8956262,0.250508161,-0.635755363,0.730110115
1,4,Transit,2014,2.795906,0.037,1.71,,,,,5243,0.82,,296.6547477,46.8352242,0.306895811,-0.611396892,0.729389334
1,4,Transit,2014,5.690586,0.059,2.93,,,,,5243,0.82,,296.6547477,46.8352242,0.306895811,-0.611396892,0.729389334
1,4,Transit,2014,10.04156,0.087,2.73,,,,,5243,0.82,,296.6547477,46.8352242,0.306895811,-0.611396892,0.729389334
1,4,Transit,2014,18.369917,0.13,2.63,,,,,5243,0.82,,296.6547477,46.8352242,0.306895811,-0.611396892,0.729389334
1,3,Transit,2014,3.936981,0.048,3.16,,,,,5433,0.87,,287.9060885,46.9377479,0.20992986,-0.64971929,0.730612276
1,3,Transit,2014,10.08881,0.091,4.64,,,,,5433,0.87,,287.9060885,46.9377479,0.20992986,-0.64971929,0.730612276
1,3,Transit,2014,28.081912,0.18,3.69,,,,,5433,0.87,,287.9060885,46.9377479,0.20992986,-0.64971929,0.730612276
1,4,Transit,2014,7.38449,,2.99,7.4,0.078,,,,1.72,1.12,298.3183909,47.2794824,0.321823967,-0.597232642,0.734671699
1,4,Transit,2014,9.84564,,3.44,5.1,0.15,,,,1.72,1.12,298.3183909,47.2794824,0.321823967,-0.597232642,0.734671699
1,4,Transit,2014,14.78869,,5.24,8,0.037,,,,1.72,1.12,298.3183909,47.2794824,0.321823967,-0.597232642,0.734671699
1,4,Transit,2014,19.72567,,4.6,4.8,0.051,,,,1.72,1.12,298.3183909,47.2794824,0.321823967,-0.597232642,0.734671699
1,4,Transit,2014,3.132924,0.038,1.39,,,,,5018,0.68,,290.9342679,47.3575414,0.242040363,-0.632705327,0.735595291
1,4,Transit,2014,5.925003,0.058,3.12,,,,,5018,0.68,,290.9342679,47.3575414,0.242040363,-0.632705327,0.735595291
1,4,Transit,2014,11.349393,0.089,2.3,,,,,5018,0.68,,290.9342679,47.3575414,0.242040363,-0.632705327,0.735595291
1,4,Transit,2014,18.643577,0.124,1.97,,,,,5018,0.68,,290.9342679,47.3575414,0.242040363,-0.632705327,0.735595291
1,2,Transit,2014,6.738975,0.056,1.2,,,,,3682,0.48,,292.1939846,47.4570808,0.255408412,-0.626047084,0.736771058
1,2,Transit,2014,18.794234,0.111,1.84,,,,,3682,0.48,,292.1939846,47.4570808,0.255408412,-0.626047084,0.736771058
1,3,Transit,2014,3.940997,0.047,1.55,,,,,5571,0.8,,292.3760942,47.8809596,0.255314935,-0.620174784,0.741753005
1,3,Transit,2014,5.349555,0.058,2.27,,,,,5571,0.8,,292.3760942,47.8809596,0.255314935,-0.620174784,0.741753005
1,3,Transit,2014,8.109044,0.076,1.22,,,,,5571,0.8,,292.3760942,47.8809596,0.255314935,-0.620174784,0.741753005
1,2,Transit,2014,9.488015,0.09,3.11,,,,,5854,1.09,,291.9342748,48.141676,0.249261711,-0.618987763,0.74479712
1,2,Transit,2014,54.418694,0.29,3.04,,,,,5854,1.09,,291.9342748,48.141676,0.249261711,-0.618987763,0.74479712
1,3,Transit,2014,2.566546,0.038,1.53,,,,,6043,1.01,,296.2860853,48.2246328,0.29503425,-0.597321607,0.745762489
1,3,Transit,2014,4.134444,0.052,2.7,,,,,6043,1.01,,296.2860853,48.2246328,0.29503425,-0.597321607,0.745762489
1,3,Transit,2014,11.094286,0.101,4.04,,,,,6043,1.01,,296.2860853,48.2246328,0.29503425,-0.597321607,0.745762489
1,3,Transit,2014,6.252972,0.062,2.2,,,,,5120,0.73,,286.9994758,48.3757867,0.194199805,-0.635219727,0.747517447
1,3,Transit,2014,16.068638,0.117,4.92,,,,,5120,0.73,,286.9994758,48.3757867,0.194199805,-0.635219727,0.747517447
1,3,Transit,2014,41.194912,0.22,3.85,,,,,5120,0.73,,286.9994758,48.3757867,0.194199805,-0.635219727,0.747517447
1,3,Transit,2011,7.1073,0.075,1.9,254.3,,,,5760,1.52,1.11,294.2189131,49.4792536,0.266532173,-0.592537783,0.760170755
1,3,Transit,2011,10.7421,0.099,3.2,858.1,,,,5760,1.52,1.11,294.2189131,49.4792536,0.266532173,-0.592537783,0.760170755
1,3,Transit,2014,15.274299,0.124,2.2,,,,,5828,1.55,,294.2189131,49.4792536,0.266532173,-0.592537783,0.760170755
1,2,Transit,2014,32.625555,0.191,4.26,,,,,5588,0.82,,285.7185682,48.5058038,0.179491445,-0.637767677,0.749022837
1,2,Transit,2014,91.773242,0.38,2.04,,,,,5588,0.82,,285.7185682,48.5058038,0.179491445,-0.637767677,0.749022837
1,2,Transit,2014,10.065275,0.074,1.73,,,,,3767,0.49,,293.9733913,50.531846,0.25827213,-0.580814482,0.771978008
1,2,Transit,2014,19.271566,0.114,1.93,,,,,3767,0.49,,293.9733913,50.531846,0.25827213,-0.580814482,0.771978008
1,2,Transit,2014,4.431222,0.054,3.08,,,,,5847,0.97,,295.8161668,51.1217249,0.273340041,-0.565024111,0.778481198
1,2,Transit,2014,11.379349,0.101,3.83,,,,,5847,0.97,,295.8161668,51.1217249,0.273340041,-0.565024111,0.778481198
1,2,Transit,2014,8.472382,0.077,2.43,,,,,5360,0.76,,296.3665054,51.3194548,0.277559737,-0.559962163,0.780642664
1,2,Transit,2014,60.418955,0.287,2.71,,,,,5360,0.76,,296.3665054,51.3194548,0.277559737,-0.559962163,0.780642664
1,2,Transit,2014,2.711506,0.04,3.7,,,,,6224,1.11,,291.6535379,38.4946597,0.288798486,-0.727435067,0.62244169
1,2,Transit,2014,7.21205,0.077,3.51,,,,,6224,1.11,,291.6535379,38.4946597,0.288798486,-0.727435067,0.62244169
1,4,Transit,2014,3.340222,0.037,2.23,,,,,4255,0.55,,286.0790779,39.278237,0.21439234,-0.743798971,0.633086895
1,4,Transit,2014,7.824904,0.065,1.28,,,,,4255,0.55,,286.0790779,39.278237,0.21439234,-0.743798971,0.633086895
1,4,Transit,2014,20.060548,0.122,2.05,,,,,4255,0.55,,286.0790779,39.278237,0.21439234,-0.743798971,0.633086895
1,4,Transit,2014,46.183669,0.213,2.22,,,,,4255,0.55,,286.0790779,39.278237,0.21439234,-0.743798971,0.633086895
1,2,Transit,2014,8.295611,0.065,1.57,,,,,3750,0.51,,283.8664285,39.8981928,0.183863055,-0.744827356,0.641425434
1,2,Transit,2014,23.968127,0.132,2,,,,,3750,0.51,,283.8664285,39.8981928,0.183863055,-0.744827356,0.641425434
1,2,Transit,2014,4.715106,0.05,1.41,,,,,4861,0.72,,283.2213438,40.421762,0.174117801,-0.741113102,0.648409101
1,2,Transit,2014,8.103636,0.071,2.08,,,,,4861,0.72,,283.2213438,40.421762,0.174117801,-0.741113102,0.648409101
1,5,Transit,2014,2.090876,0.034,1.73,,,,,5751,1.43,,287.8971066,40.6378141,0.233198535,-0.722121239,0.65127518
1,5,Transit,2014,6.155557,0.069,2.39,,,,,5751,1.43,,287.8971066,40.6378141,0.233198535,-0.722121239,0.65127518
1,5,Transit,2014,13.233549,0.115,3.07,,,,,5751,1.43,,287.8971066,40.6378141,0.233198535,-0.722121239,0.65127518
1,5,Transit,2013,23.654,,5.6,169.7,,,,,0.96,1.06,287.8971066,40.6378141,0.233198535,-0.722121239,0.65127518
1,5,Transit,2013,50.447,,2,13.5,,,,,0.96,1.06,287.8971066,40.6378141,0.233198535,-0.722121239,0.65127518
1,2,Transit,2014,11.763051,0.095,2.33,,,,,4914,0.76,,294.2020505,40.6633313,0.3109725,-0.691878969,0.651613072
1,2,Transit,2014,56.228098,0.268,2.51,,,,,4914,0.76,,294.2020505,40.6633313,0.3109725,-0.691878969,0.651613072
1,4,Transit,2011,8.1453,0.08,2.4,508.5,,,,5800,1.07,1.03,290.4132621,38.3437283,0.273556293,-0.735049894,0.620377795
1,4,Transit,2011,12.3335,0.106,2.8,508.5,,,,5800,1.07,1.03,290.4132621,38.3437283,0.273556293,-0.735049894,0.620377795
1,4,Transit,2014,4.244384,0.051,1.67,,,,,5897,1.29,,290.4132621,38.3437283,0.273556293,-0.735049894,0.620377795
1,4,Transit,2014,18.998355,0.138,2.78,,,,,5897,1.29,,290.4132621,38.3437283,0.273556293,-0.735049894,0.620377795
1,2,Transit,2014,4.144495,0.048,1.37,,,,,4985,0.74,,291.1587635,40.7502108,0.273444844,-0.706490612,0.65276254
1,2,Transit,2014,7.953528,0.074,2.2,,,,,4985,0.74,,291.1587635,40.7502108,0.273444844,-0.706490612,0.65276254
1,2,Transit,2014,12.718092,0.094,2.33,,,,,4699,0.67,,292.9131121,41.0609786,0.293562657,-0.694516696,0.656861878
1,2,Transit,2014,36.065978,0.189,2.57,,,,,4699,0.67,,292.9131121,41.0609786,0.293562657,-0.694516696,0.656861878
1,2,Transit,2014,8.20395,0.075,2.61,,,,,5020,0.85,,286.5656932,41.8084168,0.212518101,-0.714440015,0.666641974
1,2,Transit,2014,14.496481,0.109,2,,,,,5020,0.85,,286.5656932,41.8084168,0.212518101,-0.714440015,0.666641974
1,2,Transit,2014,5.715442,0.062,2.45,,,,,5228,0.84,,285.1104819,42.0339619,0.193620407,-0.717067523,0.669570986
1,2,Transit,2014,20.026218,0.142,1.99,,,,,5228,0.84,,285.1104819,42.0339619,0.193620407,-0.717067523,0.669570986
1,3,Transit,2014,4.311792,0.05,2.76,,,,,5554,0.8,,287.242641,42.3014185,0.219235705,-0.706374699,0.673030825
1,3,Transit,2014,9.767292,0.087,2.05,,,,,5554,0.8,,287.242641,42.3014185,0.219235705,-0.706374699,0.673030825
1,3,Transit,2014,20.050401,0.14,2.31,,,,,5554,0.8,,287.242641,42.3014185,0.219235705,-0.706374699,0.673030825
1,4,Transit,2014,7.49019,0.071,2.57,,,,,5100,0.8,,291.6389972,42.4363482,0.272152998,-0.686015462,0.674770725
1,4,Transit,2014,17.460812,0.124,2.18,,,,,5100,0.8,,291.6389972,42.4363482,0.272152998,-0.686015462,0.674770725
1,4,Transit,2014,36.277108,0.202,3.03,,,,,5100,0.8,,291.6389972,42.4363482,0.272152998,-0.686015462,0.674770725
1,4,Transit,2016,3.21982106,,1.75,,,,,5174,0.8,0.86,291.6389972,42.4363482,0.272152998,-0.686015462,0.674770725
1,2,Transit,2014,4.60182,0.052,2.34,,,,,5206,0.83,,296.4834007,42.6633806,0.327919944,-0.658183113,0.677689826
1,2,Transit,2014,11.187161,0.095,1.5,,,,,5206,0.83,,296.4834007,42.6633806,0.327919944,-0.658183113,0.677689826
1,3,Transit,2014,3.33616,0.042,1.64,,,,,5100,0.77,,288.6425609,43.0393769,0.233637017,-0.692536184,0.682500827
1,3,Transit,2014,9.439452,0.084,4.09,,,,,5100,0.77,,288.6425609,43.0393769,0.233637017,-0.692536184,0.682500827
1,3,Transit,2014,20.477912,0.14,3.94,,,,,5100,0.77,,288.6425609,43.0393769,0.233637017,-0.692536184,0.682500827
1,2,Transit,2014,6.308205,0.066,3.02,,,,,5190,0.83,,293.0613138,43.5813577,0.283757556,-0.666506947,0.689383884
1,2,Transit,2014,16.239494,0.123,4.07,,,,,5190,0.83,,293.0613138,43.5813577,0.283757556,-0.666506947,0.689383884
1,3,Transit,2014,3.306539,0.035,1.09,,,,,3568,0.48,,296.9853002,43.6586043,0.32828135,-0.644697272,0.690359893
1,3,Transit,2014,7.113702,0.058,1.51,,,,,3568,0.48,,296.9853002,43.6586043,0.32828135,-0.644697272,0.690359893
1,3,Transit,2014,15.368459,0.097,1.57,,,,,3568,0.48,,296.9853002,43.6586043,0.32828135,-0.644697272,0.690359893
2,3,Transit,2011,6.238297,,2.748,8.7,0.0029,,,,1.32,1.17,286.6383905,39.4879038,0.220978036,-0.739446034,0.635915302
2,3,Transit,2011,12.7207,,5.217,15.2,0.0061,,,,1.32,1.17,286.6383905,39.4879038,0.220978036,-0.739446034,0.635915302
2,3,Radial Velocity,2014,122.4,,,71.9,0.13,,,,1.32,1.17,286.6383905,39.4879038,0.220978036,-0.739446034,0.635915302
1,3,Transit,2014,4.148141,0.048,1.13,,,,,5160,0.81,,289.5947633,44.1418114,0.240664385,-0.676059635,0.696436661
1,3,Transit,2014,7.156804,0.069,2.28,,,,,5160,0.81,,289.5947633,44.1418114,0.240664385,-0.676059635,0.696436661
1,3,Transit,2014,17.648312,0.127,2.18,,,,,5160,0.81,,289.5947633,44.1418114,0.240664385,-0.676059635,0.696436661
1,4,Transit,2014,4.790936,0.053,1.33,,,,,5526,0.89,,296.5662171,44.1058077,0.321137365,-0.642242056,0.695985585
1,4,Transit,2014,16.514043,0.122,2.77,,,,,5526,0.89,,296.5662171,44.1058077,0.321137365,-0.642242056,0.695985585
1,4,Transit,2014,30.133001,0.182,2.77,,,,,5526,0.89,,296.5662171,44.1058077,0.321137365,-0.642242056,0.695985585
1,4,Transit,2014,99.640161,0.404,2.77,,,,,5526,0.89,,296.5662171,44.1058077,0.321137365,-0.642242056,0.695985585
1,2,Transit,2014,6.668391,0.058,1.23,,,,,4208,0.55,,295.579329,44.5459052,0.30771071,-0.642836866,0.701480493
1,2,Transit,2014,10.848463,0.08,2.15,,,,,4208,0.55,,295.579329,44.5459052,0.30771071,-0.642836866,0.701480493
1,3,Transit,2014,3.783986,0.046,1.63,,,,,5208,0.79,,291.8419337,44.858124,0.263727778,-0.657969492,0.705353675
1,3,Transit,2014,10.281951,0.089,2.65,,,,,5208,0.79,,291.8419337,44.858124,0.263727778,-0.657969492,0.705353675
1,3,Transit,2014,18.119869,0.13,3.17,,,,,5208,0.79,,291.8419337,44.858124,0.263727778,-0.657969492,0.705353675
1,3,Transit,2014,5.826662,0.064,3.87,,,,,5957,0.91,,288.1646541,45.8164257,0.217276316,-0.662226256,0.717110443
1,3,Transit,2014,12.412183,0.105,2.15,,,,,5957,0.91,,288.1646541,45.8164257,0.217276316,-0.662226256,0.717110443
1,3,Transit,2014,18.746477,0.139,2.5,,,,,5957,0.91,,288.1646541,45.8164257,0.217276316,-0.662226256,0.717110443
1,3,Transit,2014,5.714606,0.063,1.55,,,,,5573,0.93,,296.0642702,45.9767647,0.305346499,-0.624274826,0.719058035
1,3,Transit,2014,9.946047,0.092,2.99,,,,,5573,0.93,,296.0642702,45.9767647,0.305346499,-0.624274826,0.719058035
1,3,Transit,2016,1.04562266,,1.32,,,,,5431,0.86,0.9,296.0642702,45.9767647,0.305346499,-0.624274826,0.719058035
1,4,Transit,2014,1.620493,0.027,1.59,,,,,5551,1.3,,292.58042,46.0973588,0.266265054,-0.640277346,0.720519147
1,4,Transit,2014,3.38802,0.045,2.15,,,,,5551,1.3,,292.58042,46.0973588,0.266265054,-0.640277346,0.720519147
1,4,Transit,2014,5.839172,0.064,2.48,,,,,5551,1.3,,292.58042,46.0973588,0.266265054,-0.640277346,0.720519147
1,4,Transit,2014,10.681572,0.096,2.35,,,,,5551,1.3,,292.58042,46.0973588,0.266265054,-0.640277346,0.720519147
1,3,Transit,2014,2.382667,0.034,2.61,,,,,5180,1.04,,297.3159994,46.0232642,0.318643051,-0.616936847,0.719621798
1,3,Transit,2014,6.581484,0.066,5.41,,,,,5180,1.04,,297.3159994,46.0232642,0.318643051,-0.616936847,0.719621798
1,3,Transit,2014,24.664551,0.16,4.95,,,,,5180,1.04,,297.3159994,46.0232642,0.318643051,-0.616936847,0.719621798
1,2,Transit,2014,13.19722,0.103,4.06,,,,,4942,0.92,,294.0684116,46.5791357,0.280320815,-0.627593083,0.726324419
1,2,Transit,2014,33.653079,0.193,3.61,,,,,4942,0.92,,294.0684116,46.5791357,0.280320815,-0.627593083,0.726324419
1,2,Transit,2014,8.115317,0.079,2.8,,,,,5938,0.9,,288.2119707,46.6150461,0.214678148,-0.652487816,0.726755078
1,2,Transit,2014,36.924931,0.217,2.7,,,,,5938,0.9,,288.2119707,46.6150461,0.214678148,-0.652487816,0.726755078
1,4,Transit,2011,12.28,,2.78,5.12,,7.6,,3914,0.51,0.54,284.9410627,46.5664505,0.17725821,-0.664269094,0.726172223
1,4,Transit,2011,17.2559,,2.72,6.2,,4.82,,3914,0.51,0.54,284.9410627,46.5664505,0.17725821,-0.664269094,0.726172223
1,4,Transit,2014,3.543919,0.039,1.07,,,,,4486,0.57,,284.9410627,46.5664505,0.17725821,-0.664269094,0.726172223
1,4,Transit,2014,46.827915,0.22,2.41,,,,,4486,0.57,,284.9410627,46.5664505,0.17725821,-0.664269094,0.726172223
1,2,Transit,2014,8.187399,0.075,2.01,,,,,5250,0.86,,291.9259658,38.0140525,0.294193307,-0.730871572,0.615854726
1,2,Transit,2014,76.050178,0.332,1.74,,,,,5250,0.86,,291.9259658,38.0140525,0.294193307,-0.730871572,0.615854726
1,2,Transit,2014,10.381227,0.088,2.18,,,,,5098,0.79,,291.3647333,37.609239,0.288598148,-0.737752045,0.610272913
1,2,Transit,2014,24.570858,0.156,2,,,,,5098,0.79,,291.3647333,37.609239,0.288598148,-0.737752045,0.610272913
1,2,Transit,2014,13.060855,0.108,1.36,,,,,5841,0.88,,290.7287168,37.2526575,0.281729914,-0.744447948,0.605330908
1,2,Transit,2014,21.853722,0.152,1.64,,,,,5841,0.88,,290.7287168,37.2526575,0.281729914,-0.744447948,0.605330908
1,2,Transit,2014,16.568087,0.12,2.67,,,,,5265,0.79,,292.4698022,37.5677941,0.302941318,-0.732456692,0.609699722
1,2,Transit,2014,47.332773,0.242,2.47,,,,,5265,0.79,,292.4698022,37.5677941,0.302941318,-0.732456692,0.609699722
1,2,Transit,2014,40.806231,0.249,3.33,,,,,6158,1.55,,292.044628,37.3761861,0.298261305,-0.736570315,0.607045604
1,2,Transit,2014,140.101261,0.566,2.83,,,,,6158,1.55,,292.044628,37.3761861,0.298261305,-0.736570315,0.607045604
1,4,Transit,2014,6.846262,0.069,1.86,,,,,5835,1.1,,290.5104788,41.244743,0.263449837,-0.70423593,0.65927683
1,4,Transit,2014,17.028937,0.127,2.63,,,,,5835,1.1,,290.5104788,41.244743,0.263449837,-0.70423593,0.65927683
1,4,Transit,2014,43.130617,0.236,2.49,,,,,5835,1.1,,290.5104788,41.244743,0.263449837,-0.70423593,0.65927683
1,4,Transit,2014,67.831024,0.319,2.59,,,,,5835,1.1,,290.5104788,41.244743,0.263449837,-0.70423593,0.65927683
1,2,Transit,2014,6.61833,0.071,2.48,,,,,5885,1.03,,294.4843821,44.1669355,0.297286842,-0.652807937,0.696751269
1,2,Transit,2014,107.723601,0.457,3.89,,,,,5885,1.03,,294.4843821,44.1669355,0.297286842,-0.652807937,0.696751269
1,3,Transit,2014,3.353728,0.037,1.98,,,,,4258,0.56,,299.8305655,47.1575741,0.338249287,-0.589886631,0.733226556
1,3,Transit,2014,6.87745,0.06,2.13,,,,,4258,0.56,,299.8305655,47.1575741,0.338249287,-0.589886631,0.733226556
1,3,Transit,2014,28.464515,0.154,2.27,,,,,4258,0.56,,299.8305655,47.1575741,0.338249287,-0.589886631,0.733226556
1,2,Transit,2014,25.934138,0.18,2.55,,,,,6081,1.27,,291.9761559,38.0550327,0.294668511,-0.730204918,0.616418077
1,2,Transit,2014,83.446393,0.391,3.38,,,,,6081,1.27,,291.9761559,38.0550327,0.294668511,-0.730204918,0.616418077
1,2,Transit,2014,5.326718,0.061,2.47,,,,,5847,0.96,,290.2151459,41.775981,0.257692983,-0.699818099,0.6662199
1,2,Transit,2014,8.127899,0.081,1.69,,,,,5847,0.96,,290.2151459,41.775981,0.257692983,-0.699818099,0.6662199
1,2,Transit,2011,15.3348,0.118,4,2895.31,,,,5400,0.59,0.65,292.2367608,41.085871,0.285235908,-0.697669385,0.657189399
1,2,Transit,2011,31.3309,0.191,4.9,4385.87,,,,5400,0.59,0.65,292.2367608,41.085871,0.285235908,-0.697669385,0.657189399
1,2,Transit,2014,11.476094,0.107,2.01,,,,,6067,1.46,,282.2001207,44.4222795,0.150929759,-0.698070662,0.699941111
1,2,Transit,2014,25.262887,0.18,1.77,,,,,6067,1.46,,282.2001207,44.4222795,0.150929759,-0.698070662,0.699941111
1,3,Transit,2014,10.43547805,,1.23,,,,,5555,0.87,0.9,283.0029316,44.284108,0.161075096,-0.697530061,0.698216749
1,3,Transit,2014,7.41086267,,0.95,,,,,5555,0.87,0.9,283.0029316,44.284108,0.161075096,-0.697530061,0.698216749
1,3,Transit,2016,5.24972541,,0.66,,,,,5555,0.87,0.9,283.0029316,44.284108,0.161075096,-0.697530061,0.698216749
1,3,Transit,2014,2.971353,0.038,1.43,,,,,5297,0.93,,299.1275257,47.5938319,0.328258818,-0.589098523,0.738382745
1,3,Transit,2014,6.057342,0.061,1.79,,,,,5297,0.93,,299.1275257,47.5938319,0.328258818,-0.589098523,0.738382745
1,3,Transit,2014,10.937304,0.091,2.25,,,,,5297,0.93,,299.1275257,47.5938319,0.328258818,-0.589098523,0.738382745
1,2,Transit,2014,2.936532,0.037,1.5,,,,,5626,0.81,,291.3021458,47.6976573,0.244507093,-0.627058874,0.739603576
1,2,Transit,2014,8.014927,0.073,1.98,,,,,5626,0.81,,291.3021458,47.6976573,0.244507093,-0.627058874,0.739603576
1,2,Transit,2014,11.634788,0.101,1.54,,,,,6023,1.01,,292.9227926,38.4772173,0.30491473,-0.721033939,0.622203397
1,2,Transit,2014,33.197861,0.204,1.84,,,,,6023,1.01,,292.9227926,38.4772173,0.30491473,-0.721033939,0.622203397
1,3,Transit,2014,10.300682,0.098,2.34,,,,,6165,1.38,,292.4797004,38.5149018,0.299173073,-0.722992092,0.622718161
1,3,Transit,2014,16.088134,0.132,3.38,,,,,6165,1.38,,292.4797004,38.5149018,0.299173073,-0.722992092,0.622718161
1,3,Transit,2014,35.676062,0.224,3.33,,,,,6165,1.38,,292.4797004,38.5149018,0.299173073,-0.722992092,0.622718161
1,3,Transit,2014,14.12841,0.119,2.87,,,,,6105,1.05,,293.568197,39.0363123,0.31057476,-0.711954465,0.629812796
1,3,Transit,2013,31.884,,2.9,16.6,,,,,1.03,1.1,293.568197,39.0363123,0.31057476,-0.711954465,0.629812796
1,3,Transit,2013,48.648,,2.8,16.3,,,,,1.03,1.1,293.568197,39.0363123,0.31057476,-0.711954465,0.629812796
1,2,Transit,2013,17.324,,2.92,87.3,,,,,1.69,1.12,286.5831894,39.0772582,0.221560647,-0.744007665,0.63036773
1,2,Transit,2013,33.006,,3.36,64.2,,,,,1.69,1.12,286.5831894,39.0772582,0.221560647,-0.744007665,0.63036773
1,2,Transit,2014,30.160546,0.207,4.07,,,,,4991,2.94,,290.1072124,38.7022694,0.268286217,-0.732840686,0.625273568
1,2,Transit,2014,51.078775,0.294,3.59,,,,,4991,2.94,,290.1072124,38.7022694,0.268286217,-0.732840686,0.625273568
1,3,Transit,2014,12.309681,0.112,3.62,,,,,6363,1.75,,287.391295,42.194822,0.221441534,-0.706997198,0.671653638
1,3,Transit,2013,35.736,,4.3,49.4,,,,,1.07,1.1,287.391295,42.194822,0.221441534,-0.706997198,0.671653638
1,3,Transit,2013,54.414,,3.1,37.5,,,,,1.07,1.1,287.391295,42.194822,0.221441534,-0.706997198,0.671653638
1,2,Transit,2011,5.9123,0.062,3.6,479.9,,,,4590,0.7,0.75,292.1370409,42.4294835,0.278136295,-0.683698765,0.674682296
1,2,Transit,2011,8.9858,0.081,3.4,432.23,,,,4590,0.7,0.75,292.1370409,42.4294835,0.278136295,-0.683698765,0.674682296
1,2,Transit,2014,2.139542,0.032,1.45,,,,,5744,0.89,,291.3905325,42.1804735,0.270271903,-0.689988197,0.671468083
1,2,Transit,2014,4.807091,0.056,2.01,,,,,5744,0.89,,291.3905325,42.1804735,0.270271903,-0.689988197,0.671468083
1,2,Transit,2014,14.646008,0.117,2.82,,,,,5723,0.9,,294.1081465,44.7706524,0.289978822,-0.648008573,0.704270667
1,2,Transit,2014,36.337373,0.215,5.31,,,,,5723,0.9,,294.1081465,44.7706524,0.289978822,-0.648008573,0.704270667
1,4,Transit,2014,9.220524,0.082,1.01,,,,,5602,0.9,,284.6772402,44.7976401,0.179793912,-0.686444438,0.704604984
1,4,Transit,2014,13.638723,0.106,1.2,,,,,5602,0.9,,284.6772402,44.7976401,0.179793912,-0.686444438,0.704604984
1,4,Transit,2013,24.806,,2.46,61,,,,,0.89,0.97,284.6772402,44.7976401,0.179793912,-0.686444438,0.704604984
1,4,Transit,2013,44.347,,3.1,56.2,,,,,0.89,0.97,284.6772402,44.7976401,0.179793912,-0.686444438,0.704604984
1,2,Transit,2014,11.008151,0.082,2.13,,,,,4351,0.57,,293.6137413,47.838938,0.268868578,-0.615013764,0.741260924
1,2,Transit,2014,92.743711,0.341,1.82,,,,,4351,0.57,,293.6137413,47.838938,0.268868578,-0.615013764,0.741260924
1,2,Transit,2014,12.699149,0.104,2.24,,,,,5615,0.81,,293.1465698,47.7297053,0.264400094,-0.618483876,0.739979922
1,2,Transit,2014,37.514456,0.213,2.61,,,,,5615,0.81,,293.1465698,47.7297053,0.264400094,-0.618483876,0.739979922
1,2,Transit,2014,2.633867,0.036,1.34,,,,,5411,0.81,,291.3908469,48.0655392,0.243740494,-0.622245023,0.743909741
1,2,Transit,2014,6.186676,0.064,1.12,,,,,5411,0.81,,291.3908469,48.0655392,0.243740494,-0.622245023,0.743909741
1,4,Transit,2014,1.796302,0.027,1.24,,,,,5580,0.86,,290.6761874,48.2942362,0.234910067,-0.622453707,0.746571258
1,4,Transit,2014,3.468095,0.042,1.37,,,,,5580,0.86,,290.6761874,48.2942362,0.234910067,-0.622453707,0.746571258
1,4,Transit,2014,5.914323,0.061,1.33,,,,,5580,0.86,,290.6761874,48.2942362,0.234910067,-0.622453707,0.746571258
1,4,Transit,2014,29.221289,0.176,1.77,,,,,5580,0.86,,290.6761874,48.2942362,0.234910067,-0.622453707,0.746571258
1,2,Transit,2014,20.342199,0.145,2.33,,,,,5806,1.03,,290.9274282,48.4434588,0.236941934,-0.619599419,0.748301463
1,2,Transit,2014,44.851896,0.246,3.26,,,,,5806,1.03,,290.9274282,48.4434588,0.236941934,-0.619599419,0.748301463
1,3,Transit,2014,6.097326,0.065,1.67,,,,,5918,1.09,,288.9163997,39.5947523,0.249810228,-0.728955056,0.637353416
1,3,Transit,2014,19.305772,0.14,2.85,,,,,5918,1.09,,288.9163997,39.5947523,0.249810228,-0.728955056,0.637353416
1,3,Transit,2014,56.633742,0.287,2.67,,,,,5918,1.09,,288.9163997,39.5947523,0.249810228,-0.728955056,0.637353416
1,3,Transit,2014,34.545,0.21,2.15,7.3,,,,5990,1,1.08,297.4653351,42.8828517,0.337951432,-0.650158759,0.680501593
1,3,Transit,2014,125.8518,0.51,11.59,132,,,,5990,1,1.08,297.4653351,42.8828517,0.337951432,-0.650158759,0.680501593
1,3,Transit,2014,66.0634,0.33,2.68,4,,,,5990,1,1.08,297.4653351,42.8828517,0.337951432,-0.650158759,0.680501593
1,2,Transit,2011,10.33974,,2.55,5,0,55.9,,5378,0.73,0.76,298.348382,47.4913021,0.320844678,-0.5946697,0.737174769
1,2,Transit,2011,13.28613,,2.34,4.5,0,34.4,,5378,0.73,0.76,298.348382,47.4913021,0.320844678,-0.5946697,0.737174769
1,2,Transit,2014,14.589347,0.11,2.25,,,,,5147,0.74,,286.4100307,42.6815137,0.207682084,-0.70518736,0.677922517
1,2,Transit,2014,36.77031,0.205,2.7,,,,,5147,0.74,,286.4100307,42.6815137,0.207682084,-0.70518736,0.677922517
1,2,Transit,2014,3.546511,0.047,2.16,,,,,6002,1.02,,287.9163029,42.4372666,0.227034107,-0.702227896,0.674782555
1,2,Transit,2014,5.700786,0.065,1.88,,,,,6002,1.02,,287.9163029,42.4372666,0.227034107,-0.702227896,0.674782555
1,5,Transit,2014,2.580827,0.035,1.32,,,,,5299,0.83,,295.7661979,42.4242822,0.320882189,-0.664777282,0.674615288
1,5,Transit,2014,3.715335,0.045,1.47,,,,,5299,0.83,,295.7661979,42.4242822,0.320882189,-0.664777282,0.674615288
1,5,Transit,2014,7.055679,0.068,2.23,,,,,5299,0.83,,295.7661979,42.4242822,0.320882189,-0.664777282,0.674615288
1,5,Transit,2014,11.97901,0.097,2.67,,,,,5299,0.83,,295.7661979,42.4242822,0.320882189,-0.664777282,0.674615288
1,5,Transit,2014,20.834237,0.141,2.35,,,,,5299,0.83,,295.7661979,42.4242822,0.320882189,-0.664777282,0.674615288
1,2,Transit,2014,19.254196,0.144,3.07,,,,,5804,0.96,,286.3580611,42.4064917,0.207956446,-0.70848964,0.674386051
1,2,Transit,2014,54.155743,0.286,3.83,,,,,5804,0.96,,286.3580611,42.4064917,0.207956446,-0.70848964,0.674386051
1,2,Transit,2014,3.701212,0.048,1.77,,,,,5913,0.98,,287.3920392,46.0592578,0.207416596,-0.662189574,0.720057862
1,2,Transit,2014,6.6264,0.071,2.71,,,,,5913,0.98,,287.3920392,46.0592578,0.207416596,-0.662189574,0.720057862
1,3,Transit,2014,12.645164,0.099,1.22,,,,,5603,0.9,,285.3458383,45.3677754,0.185926992,-0.677504567,0.711631025
1,3,Transit,2014,21.526258,0.142,1.17,,,,,5603,0.9,,285.3458383,45.3677754,0.185926992,-0.677504567,0.711631025
1,3,Transit,2014,33.884054,0.192,1.36,,,,,5603,0.9,,285.3458383,45.3677754,0.185926992,-0.677504567,0.711631025
2,5,Transit,2014,10.864384,0.079,1.61,,0.33,6.5,,3740,0.48,0.5,286.5400278,49.4372614,0.185125127,-0.623372405,0.759694367
2,5,Transit,2014,5.8416366,0.0521,2,,0.33,14.8,,3740,0.48,0.5,286.5400278,49.4372614,0.185125127,-0.623372405,0.759694367
2,5,Transit,2014,19.850291,0.118,2.09,,0.33,2.9,,3740,0.48,0.5,286.5400278,49.4372614,0.185125127,-0.623372405,0.759694367
2,5,Transit,2014,34.14211,0.169,1.53,,0.33,1.41,,3740,0.48,0.5,286.5400278,49.4372614,0.185125127,-0.623372405,0.759694367
2,5,Transit,2014,63.33627,0.255,1.8,,0.33,0.62,,3740,0.48,0.5,286.5400278,49.4372614,0.185125127,-0.623372405,0.759694367
1,2,Transit,2014,38.871826,0.217,2.87,,,,,5619,0.92,,283.2091605,48.7776156,0.150581998,-0.641548234,0.752157514
1,2,Transit,2014,74.920137,0.336,6.54,,,,,5619,0.92,,283.2091605,48.7776156,0.150581998,-0.641548234,0.752157514
1,3,Transit,2014,10.475464,0.08,1.96,,,,,4465,0.58,,283.0398448,48.8253303,0.148544112,-0.641379968,0.75270604
1,3,Transit,2014,22.92881,0.136,1.93,,,,,4465,0.58,,283.0398448,48.8253303,0.148544112,-0.641379968,0.75270604
1,3,Transit,2014,77.473633,0.305,2.5,,,,,4465,0.58,,283.0398448,48.8253303,0.148544112,-0.641379968,0.75270604
1,4,Transit,2014,2.927128,0.04,1.32,,,,,5617,1.03,,283.2070156,48.5805222,0.151148225,-0.644069005,0.749886212
1,4,Transit,2014,6.885875,0.07,2.65,,,,,5617,1.03,,283.2070156,48.5805222,0.151148225,-0.644069005,0.749886212
1,4,Transit,2014,15.054786,0.118,1.86,,,,,5617,1.03,,283.2070156,48.5805222,0.151148225,-0.644069005,0.749886212
1,4,Transit,2014,38.285489,0.22,1.87,,,,,5617,1.03,,283.2070156,48.5805222,0.151148225,-0.644069005,0.749886212
1,3,Transit,2012,29.33434,0.18,3.9,11.3,0.042,,,5498,0.95,0.99,285.2836483,38.9472625,0.20500654,-0.750218846,0.628604806
1,3,Transit,2012,60.323105,0.3,12.3,640,0.0111,,,5498,0.95,0.99,285.2836483,38.9472625,0.20500654,-0.750218846,0.628604806
1,3,Transit,2012,143.34394,0.5,8.8,23.1,0.022,,,5498,0.95,0.99,285.2836483,38.9472625,0.20500654,-0.750218846,0.628604806
1,2,Transit,2014,10.446347,0.094,1.67,,,,,5986,0.9,,295.2886934,48.5997243,0.282500378,-0.59793954,0.750107887
1,2,Transit,2014,40.714955,0.232,2.25,,,,,5986,0.9,,295.2886934,48.5997243,0.282500378,-0.59793954,0.750107887
1,3,Transit,2014,2.508553,0.036,1.35,,,,,5815,0.9,,283.982904,49.2329512,0.157782345,-0.633635801,0.757370717
1,3,Transit,2014,5.419026,0.06,1.35,,,,,5815,0.9,,283.982904,49.2329512,0.157782345,-0.633635801,0.757370717
1,3,Transit,2014,13.751243,0.112,1.75,,,,,5815,0.9,,283.982904,49.2329512,0.157782345,-0.633635801,0.757370717
1,2,Transit,2014,30.184104,0.193,4.06,,,,,5740,1.22,,294.3169307,43.6292436,0.298057159,-0.65960368,0.689989069
1,2,Transit,2014,127.282184,0.503,12.45,,,,,5740,1.22,,294.3169307,43.6292436,0.298057159,-0.65960368,0.689989069
1,2,Transit,2014,1.937055,0.024,0.89,,,,,3944,0.48,,283.1354742,43.6567036,0.164415985,-0.704559251,0.690335893
1,2,Transit,2014,7.061149,0.057,1.14,,,,,3944,0.48,,283.1354742,43.6567036,0.164415985,-0.704559251,0.690335893
1,4,Transit,2014,3.295709,0.039,2.86,,,,,4731,0.69,,294.4418031,40.5575408,0.314362201,-0.691665793,0.650211378
1,4,Transit,2014,5.315946,0.054,2.17,,,,,4731,0.69,,294.4418031,40.5575408,0.314362201,-0.691665793,0.650211378
1,4,Transit,2014,9.653471,0.08,2.75,,,,,4731,0.69,,294.4418031,40.5575408,0.314362201,-0.691665793,0.650211378
1,4,Transit,2016,1.49914695,,1.2,,,,,4817,0.73,0.8,294.4418031,40.5575408,0.314362201,-0.691665793,0.650211378
1,4,Transit,2013,5.487,,3.6,10.5,,,,,0.8,0.76,299.2242557,40.343167,0.3721189,-0.665166989,0.647364195
1,4,Transit,2013,8.291,,3.3,6,,,,,0.8,0.76,299.2242557,40.343167,0.3721189,-0.665166989,0.647364195
1,4,Transit,2014,16.738661,0.121,2.71,,,,,5100,0.79,,299.2242557,40.343167,0.3721189,-0.665166989,0.647364195
1,4,Transit,2020,3.20538,,1.794,,,,,4974,0.83,0.82,299.2242557,40.343167,0.3721189,-0.665166989,0.647364195
1,4,Transit,2014,4.646186,0.05,1.52,,,,,4954,0.72,,288.5387145,40.6160545,0.241348804,-0.719699073,0.650986942
1,4,Transit,2014,7.240193,0.067,2.35,,,,,4954,0.72,,288.5387145,40.6160545,0.241348804,-0.719699073,0.650986942
1,4,Transit,2014,17.326644,0.12,2.47,,,,,4954,0.72,,288.5387145,40.6160545,0.241348804,-0.719699073,0.650986942
1,4,Transit,2014,44.840975,0.227,2.27,,,,,4954,0.72,,288.5387145,40.6160545,0.241348804,-0.719699073,0.650986942
1,2,Transit,2013,10.4208,,2.43,7.44,,59.7,,5367,0.81,0.91,297.7950939,40.4176403,0.355020543,-0.673496156,0.648354334
1,2,Transit,2013,13.0729,,2.2,3.64,,44,,5367,0.81,0.91,297.7950939,40.4176403,0.355020543,-0.673496156,0.648354334
1,2,Transit,2014,9.694928,0.09,2.12,,,,,5895,0.94,,295.7852423,40.4395753,0.331073732,-0.685309323,0.648645756
1,2,Transit,2014,15.38231,0.123,2.16,,,,,5895,0.94,,295.7852423,40.4395753,0.331073732,-0.685309323,0.648645756
1,2,Transit,2014,5.923653,0.059,1.56,,,,,4713,0.72,,297.5098911,46.9614121,0.315243666,-0.605322287,0.73089422
1,2,Transit,2014,105.356383,0.401,2.51,,,,,4713,0.72,,297.5098911,46.9614121,0.315243666,-0.605322287,0.73089422
1,3,Transit,2011,20.8613,0.16,5.5,,,,,6340,1.22,1.21,294.0230229,45.8530535,0.283548121,-0.636171416,0.717555846
1,3,Transit,2011,42.6318,0.26,5.3,1493.7,,,,6340,1.22,1.21,294.0230229,45.8530535,0.283548121,-0.636171416,0.717555846
1,3,Transit,2014,87.6451,0.4,3.9,2161.244,,,,6340,1.22,1.21,294.0230229,45.8530535,0.283548121,-0.636171416,0.717555846
1,3,Transit,2014,13.930698,0.111,1.19,,,,,5797,0.88,,288.839278,46.9867472,0.220281832,-0.645622508,0.731195932
1,3,Transit,2014,56.47542,0.281,3.38,,,,,5797,0.88,,288.839278,46.9867472,0.220281832,-0.645622508,0.731195932
1,3,Transit,2014,92.876125,0.392,2.47,,,,,5797,0.88,,288.839278,46.9867472,0.220281832,-0.645622508,0.731195932
1,2,Transit,2014,9.176092,0.087,1.7,,,,,5905,1.19,,282.0612731,47.0854984,0.14228055,-0.665875042,0.732370584
1,2,Transit,2014,19.738286,0.145,1.43,,,,,5905,1.19,,282.0612731,47.0854984,0.14228055,-0.665875042,0.732370584
1,2,Transit,2014,1.772419,0.031,1.29,,,,,6115,1.47,,298.3957687,42.4597712,0.350844549,-0.648987969,0.67507238
1,2,Transit,2014,19.747412,0.153,3.15,,,,,6115,1.47,,298.3957687,42.4597712,0.350844549,-0.648987969,0.67507238
1,2,Transit,2014,14.970418,0.125,2.53,,,,,5727,1.54,,298.2948708,48.7754,0.312378086,-0.580273504,0.752132031
1,2,Transit,2014,32.273273,0.208,2.57,,,,,5727,1.54,,298.2948708,48.7754,0.312378086,-0.580273504,0.752132031
1,2,Transit,2014,2.461069,0.035,0.83,,,,,5378,0.95,,294.6741507,42.0756037,0.309862263,-0.67449027,0.670110628
1,2,Transit,2014,5.960392,0.064,2.9,,,,,5378,0.95,,294.6741507,42.0756037,0.309862263,-0.67449027,0.670110628
1,2,Transit,2014,96.101141,0.402,3.77,,,,,5796,1.04,,298.0230967,43.3634761,0.341570438,-0.641776311,0.686624207
1,2,Transit,2014,265.469335,0.791,4.15,,,,,5796,1.04,,298.0230967,43.3634761,0.341570438,-0.641776311,0.686624207
1,2,Transit,2014,2.240508,0.027,1.06,,,,,4204,0.52,,290.825835,44.1838993,0.254951755,-0.670254668,0.696963616
1,2,Transit,2014,6.827766,0.058,1.16,,,,,4204,0.52,,290.825835,44.1838993,0.254951755,-0.670254668,0.696963616
1,2,Transit,2014,5.524242,0.061,2.09,,,,,5497,0.94,,294.9438822,39.0320499,0.327597554,-0.704335482,0.62975501
1,2,Transit,2014,8.77501,0.083,1.72,,,,,5497,0.94,,294.9438822,39.0320499,0.327597554,-0.704335482,0.62975501
1,2,Transit,2014,4.662715,0.056,4.71,,,,,5746,1.19,,298.4828337,46.7936357,0.326496005,-0.601760715,0.728892585
1,2,Transit,2014,11.815007,0.105,3.68,,,,,5746,1.19,,298.4828337,46.7936357,0.326496005,-0.601760715,0.728892585
1,3,Transit,2014,4.362705,0.051,1.63,,,,,5526,0.9,,288.8119782,39.7706431,0.247849194,-0.727553613,0.639715967
1,3,Transit,2014,6.941357,0.069,2.63,,,,,5526,0.9,,288.8119782,39.7706431,0.247849194,-0.727553613,0.639715967
1,3,Transit,2014,31.781925,0.191,2.29,,,,,5526,0.9,,288.8119782,39.7706431,0.247849194,-0.727553613,0.639715967
1,5,Transit,2011,5.90124,0.05,2.2,1303,,,,3900,0.53,0.58,297.8423073,46.5743595,0.321048963,-0.607835204,0.726267119
1,5,Transit,2011,8.7522,0.09,2,158.9,,,,3900,0.53,0.58,297.8423073,46.5743595,0.321048963,-0.607835204,0.726267119
1,5,Transit,2012,22.7802,0.13,2.7,,,,,3900,0.53,0.58,297.8423073,46.5743595,0.321048963,-0.607835204,0.726267119
1,5,Transit,2012,2.896,0.033,1.5,,,,,3900,0.53,0.58,297.8423073,46.5743595,0.321048963,-0.607835204,0.726267119
1,5,Transit,2012,0.74296,0.013,0.82,,,,,3900,0.53,0.58,297.8423073,46.5743595,0.321048963,-0.607835204,0.726267119
1,2,Transit,2014,8.371554,0.085,1.14,,,,,6435,1.11,,293.2135155,46.1751457,0.272937645,-0.636396599,0.721459916
1,2,Transit,2014,17.934937,0.142,1.37,,,,,6435,1.11,,293.2135155,46.1751457,0.272937645,-0.636396599,0.721459916
1,2,Transit,2014,4.915379,0.057,1.77,,,,,5740,1.19,,294.4536991,44.1457626,0.297043772,-0.653201381,0.696486148
1,2,Transit,2014,13.093921,0.11,2.32,,,,,5740,1.19,,294.4536991,44.1457626,0.297043772,-0.653201381,0.696486148
1,2,Transit,2014,1.653888,0.027,1.01,,,,,5388,0.89,,281.3487514,44.2952525,0.140845726,-0.701755944,0.698355981
1,2,Transit,2014,4.337234,0.051,1.67,,,,,5388,0.89,,281.3487514,44.2952525,0.140845726,-0.701755944,0.698355981
1,2,Transit,2014,1.678327,0.028,1.43,,,,,5987,1.18,,291.3822988,38.1274595,0.2868001,-0.732493653,0.61741295
1,2,Transit,2014,3.553822,0.046,1.63,,,,,5987,1.18,,291.3822988,38.1274595,0.2868001,-0.732493653,0.61741295
1,2,Transit,2014,4.385315,0.05,1.14,,,,,5194,0.84,,286.4714473,49.6490933,0.183581211,-0.620895841,0.762093363
1,2,Transit,2014,51.805612,0.26,3.15,,,,,5194,0.84,,286.4714473,49.6490933,0.183581211,-0.620895841,0.762093363
1,3,Transit,2014,4.544439,0.053,2.91,,,,,5752,1,,289.8354219,49.825607,0.21890055,-0.606842271,0.764084424
1,3,Transit,2014,12.762172,0.105,2.54,,,,,5752,1,,289.8354219,49.825607,0.21890055,-0.606842271,0.764084424
1,3,Transit,2014,38.715185,0.22,2.79,,,,,5752,1,,289.8354219,49.825607,0.21890055,-0.606842271,0.764084424
1,3,Transit,2014,2.248329,0.032,1.52,,,,,5105,0.8,,294.3255898,46.0022646,0.286132919,-0.63296027,0.719367256
1,3,Transit,2014,4.580358,0.051,1.4,,,,,5105,0.8,,294.3255898,46.0022646,0.286132919,-0.63296027,0.719367256
1,3,Transit,2014,6.766888,0.066,1.21,,,,,5105,0.8,,294.3255898,46.0022646,0.286132919,-0.63296027,0.719367256
1,3,Transit,2014,2.549575,0.029,1.11,,,,,3799,0.49,,292.6422963,44.0876251,0.276519779,-0.662916334,0.695757677
1,3,Transit,2014,5.212333,0.047,1.03,,,,,3799,0.49,,292.6422963,44.0876251,0.276519779,-0.662916334,0.695757677
1,3,Transit,2014,13.969457,0.09,1.73,,,,,3799,0.49,,292.6422963,44.0876251,0.276519779,-0.662916334,0.695757677
1,2,Transit,2013,34.921,,2.3,28.5,,,,,1.06,1.15,295.8092756,40.0084866,0.333476558,-0.689544488,0.642901068
1,2,Transit,2013,71.312,,5.4,39.4,,,,,1.06,1.15,295.8092756,40.0084866,0.333476558,-0.689544488,0.642901068
1,2,Transit,2014,7.416397,0.061,1.4,,,,,4257,0.52,,299.2681646,45.2272852,0.344328891,-0.614386508,0.709906215
1,2,Transit,2014,18.684737,0.113,1.93,,,,,4257,0.52,,299.2681646,45.2272852,0.344328891,-0.614386508,0.709906215
1,5,Transit,2011,5.66793,0.0677,1.74,,0,,,5904,1.82,1.29,289.0775348,46.0051696,0.227026045,-0.656444404,0.719402474
1,5,Transit,2011,13.17562,0.1189,3.2,,0,,,5904,1.82,1.29,289.0775348,46.0051696,0.227026045,-0.656444404,0.719402474
1,5,Transit,2011,21.77596,0.1662,5.35,,0,,,5904,1.82,1.29,289.0775348,46.0051696,0.227026045,-0.656444404,0.719402474
1,5,Transit,2011,31.7844,0.2138,4.02,,0,,,5904,1.82,1.29,289.0775348,46.0051696,0.227026045,-0.656444404,0.719402474
1,5,Transit,2011,41.02902,0.2535,4.46,,0,,,5904,1.82,1.29,289.0775348,46.0051696,0.227026045,-0.656444404,0.719402474
1,2,Transit,2014,8.25978,0.075,1.35,,,,,5117,0.72,,288.4474035,44.8017616,0.224525436,-0.673088563,0.704656026
1,2,Transit,2014,15.955387,0.116,1.95,,,,,5117,0.72,,288.4474035,44.8017616,0.224525436,-0.673088563,0.704656026
1,3,Transit,2014,8.457496,0.065,1.82,,,,,4347,0.49,,291.8343455,39.3073462,0.287779805,-0.718251881,0.633480086
1,3,Transit,2014,17.28111,0.105,1.84,,,,,4347,0.49,,291.8343455,39.3073462,0.287779805,-0.718251881,0.633480086
1,3,Transit,2014,32.134328,0.159,1.64,,,,,4347,0.49,,291.8343455,39.3073462,0.287779805,-0.718251881,0.633480086
1,3,Transit,2014,7.626324,0.07,1.17,,,,,4955,0.72,,286.6627811,47.4136938,0.19403579,-0.648284684,0.736258841
1,3,Transit,2014,15.995622,0.114,1.09,,,,,4955,0.72,,286.6627811,47.4136938,0.19403579,-0.648284684,0.736258841
1,3,Transit,2014,34.21154,0.189,1.18,,,,,4955,0.72,,286.6627811,47.4136938,0.19403579,-0.648284684,0.736258841
2,2,Transit,2014,12.551158,0.087,1.32,,,,,4259,0.53,,292.2861201,40.9135429,0.286585137,-0.699249216,0.654919455
2,2,Transit,2014,24.08821,0.135,1.11,,,,,4259,0.53,,292.2861201,40.9135429,0.286585137,-0.699249216,0.654919455
1,3,Transit,2014,5.470319,0.061,1.12,,,,,5828,1.07,,287.1406177,47.1151153,0.200563612,-0.6503015,0.732722455
1,3,Transit,2014,12.758005,0.107,1.43,,,,,5828,1.07,,287.1406177,47.1151153,0.200563612,-0.6503015,0.732722455
1,3,Transit,2014,25.09849,0.168,1.41,,,,,5828,1.07,,287.1406177,47.1151153,0.200563612,-0.6503015,0.732722455
1,2,Transit,2014,6.562331,0.075,3.39,,,,,5877,1.85,,296.0642944,45.4285986,0.308355429,-0.630425849,0.71237643
1,2,Transit,2014,67.844469,0.356,3.07,,,,,5877,1.85,,296.0642944,45.4285986,0.308355429,-0.630425849,0.71237643
1,3,Transit,2014,2.024823,0.033,1.02,,,,,5867,1.3,,290.2376224,41.3313637,0.259748048,-0.704546571,0.660412811
1,3,Transit,2014,9.600001,0.092,2.1,,,,,5867,1.3,,290.2376224,41.3313637,0.259748048,-0.704546571,0.660412811
1,3,Transit,2014,20.678772,0.154,2.37,,,,,5867,1.3,,290.2376224,41.3313637,0.259748048,-0.704546571,0.660412811
1,2,Transit,2014,3.292781,0.045,1.54,,,,,5684,1.76,,290.0605123,47.1639533,0.233215085,-0.638653678,0.73330226
1,2,Transit,2014,9.693201,0.093,2.05,,,,,5684,1.76,,290.0605123,47.1639533,0.233215085,-0.638653678,0.73330226
1,4,Transit,2014,13.726976,0.117,2.44,,,,,5923,1.74,,282.9790593,40.7844188,0.170057149,-0.737828636,0.65321472
1,4,Transit,2014,24.310856,0.172,2.34,,,,,5923,1.74,,282.9790593,40.7844188,0.170057149,-0.737828636,0.65321472
1,4,Transit,2014,44.431014,0.257,3,,,,,5923,1.74,,282.9790593,40.7844188,0.170057149,-0.737828636,0.65321472
1,4,Timing Variation,2014,9.341,,1.56,8.5,,,,,1.74,1.14,282.9790593,40.7844188,0.170057149,-0.737828636,0.65321472
1,3,Transit,2014,4.977656,0.055,1.42,,,,,5631,0.8,,293.351701,48.4445922,0.262932389,-0.6090089,0.748314585
1,3,Transit,2014,6.988055,0.069,1.15,,,,,5631,0.8,,293.351701,48.4445922,0.262932389,-0.6090089,0.748314585
1,3,Transit,2014,10.558345,0.091,1.17,,,,,5631,0.8,,293.351701,48.4445922,0.262932389,-0.6090089,0.748314585
2,1,Transit,2011,288.822,1.0896,8.564,69.92,0.182,,,5913,1.16,1.05,296.4358022,44.6415369,0.316763587,-0.637116181,0.702669056
1,2,Transit,2014,14.844387,0.134,2.53,,,,,6620,1.85,,295.933471,40.3005515,0.333532895,-0.685863902,0.646797121
1,2,Transit,2014,22.824669,0.178,3.37,,,,,6620,1.85,,295.933471,40.3005515,0.333532895,-0.685863902,0.646797121
1,4,Transit,2014,5.195528,0.06,1.18,,,,,6012,1.02,,289.8615609,43.4727412,0.246556195,-0.682534331,0.688009397
1,4,Transit,2014,8.01041,0.08,1.7,,,,,6012,1.02,,289.8615609,43.4727412,0.246556195,-0.682534331,0.688009397
1,4,Transit,2014,27.666313,0.182,1.85,,,,,6012,1.02,,289.8615609,43.4727412,0.246556195,-0.682534331,0.688009397
1,4,Transit,2014,42.473269,0.242,1.99,,,,,6012,1.02,,289.8615609,43.4727412,0.246556195,-0.682534331,0.688009397
1,4,Transit,2014,15.170318,0.128,2.25,,,,,6175,1.47,,292.6780488,46.7266813,0.264288334,-0.632482131,0.728092048
1,4,Transit,2014,26.234138,0.185,1.96,,,,,6175,1.47,,292.6780488,46.7266813,0.264288334,-0.632482131,0.728092048
1,4,Transit,2014,39.459357,0.242,2.49,,,,,6175,1.47,,292.6780488,46.7266813,0.264288334,-0.632482131,0.728092048
1,4,Transit,2016,1.64422461,,0.88,,,,,6366,1.34,1.26,292.6780488,46.7266813,0.264288334,-0.632482131,0.728092048
1,2,Transit,2014,8.96855,0.088,2.41,,,,,5807,1.43,,291.960662,42.4329567,0.276014992,-0.684513805,0.674727038
1,2,Transit,2014,23.22182,0.167,2.02,,,,,5807,1.43,,291.960662,42.4329567,0.276014992,-0.684513805,0.674727038
1,2,Transit,2014,21.963945,0.153,2.61,,,,,5774,0.98,,292.4996101,46.3243406,0.264267352,-0.638010105,0.723260584
1,2,Transit,2014,125.596809,0.488,2.95,,,,,5774,0.98,,292.4996101,46.3243406,0.264267352,-0.638010105,0.723260584
1,2,Transit,2014,7.415563,0.066,0.74,,,,,4504,0.62,,295.2288521,45.9710432,0.296242544,-0.628725456,0.718988634
1,2,Transit,2014,9.387427,0.077,1.2,,,,,4504,0.62,,295.2288521,45.9710432,0.296242544,-0.628725456,0.718988634
1,2,Transit,2014,6.511127,0.071,2.66,,,,,6033,1.02,,288.0119248,46.1176003,0.214341744,-0.659209192,0.720764079
1,2,Transit,2014,23.851549,0.168,3.07,,,,,6033,1.02,,288.0119248,46.1176003,0.214341744,-0.659209192,0.720764079
1,2,Transit,2014,12.79836,0.11,1.97,,,,,6088,1,,289.1995995,49.3056404,0.214424566,-0.615757337,0.758198527
1,2,Transit,2014,27.320871,0.183,1.75,,,,,6088,1,,289.1995995,49.3056404,0.214424566,-0.615757337,0.758198527
1,2,Transit,2014,7.05677,0.076,1.52,,,,,6177,1.36,,297.2550814,40.5483883,0.347978706,-0.675495229,0.650090006
1,2,Transit,2014,17.265427,0.138,1.33,,,,,6177,1.36,,297.2550814,40.5483883,0.347978706,-0.675495229,0.650090006
1,2,Transit,2014,5.929778,0.065,1.9,,,,,5956,0.93,,293.6764689,44.6155972,0.285852731,-0.651918024,0.702346856
1,2,Transit,2014,12.247629,0.105,1.96,,,,,5956,0.93,,293.6764689,44.6155972,0.285852731,-0.651918024,0.702346856
2,1,Transit,2011,131.458,0.60347,8.16,40.363,0.042,,,5606,1.03,0.89,294.496955,46.6896733,0.284425454,-0.624202606,0.727649137
1,3,Transit,2014,11.189562,0.104,1.85,,,,,6186,1.53,,285.4195845,39.7061009,0.20455421,-0.74163912,0.63884974
1,3,Transit,2013,17.849,,3.1,6.1,,,,,1.25,1,285.4195845,39.7061009,0.20455421,-0.74163912,0.63884974
1,3,Transit,2013,26.136,,2.8,14.9,,,,,1.25,1,285.4195845,39.7061009,0.20455421,-0.74163912,0.63884974
1,3,Transit,2014,37.054919,0.214,3.06,,,,,5643,0.85,,286.4527949,42.6577891,0.208287847,-0.70530131,0.67761806
1,3,Transit,2014,57.24809,0.287,3.19,,,,,5643,0.85,,286.4527949,42.6577891,0.208287847,-0.70530131,0.67761806
1,3,Transit,2016,142.544247,,2.72,,,,,5225,0.78,0.81,286.4527949,42.6577891,0.208287847,-0.70530131,0.67761806
1,2,Transit,2014,10.05537,0.085,0.86,,,,,5212,0.78,,299.8966237,46.0519022,0.345918259,-0.60165233,0.719968771
1,2,Transit,2014,16.332995,0.118,1.24,,,,,5212,0.78,,299.8966237,46.0519022,0.345918259,-0.60165233,0.719968771
2,2,Transit,2014,5.795278,0.051,0.89,,,,,3903,0.5,,296.8565596,41.7580749,0.336995316,-0.66550412,0.665986804
2,2,Transit,2014,8.410894,0.065,1.38,,,,,3903,0.5,,296.8565596,41.7580749,0.336995316,-0.66550412,0.665986804
1,3,Transit,2014,5.47666,0.054,1.84,,,,,4648,0.67,,285.7515347,41.3356739,0.203831247,-0.722656993,0.660469297
1,3,Transit,2014,16.934402,0.115,1.31,,,,,4648,0.67,,285.7515347,41.3356739,0.203831247,-0.722656993,0.660469297
1,3,Transit,2014,24.209842,0.146,1.24,,,,,4648,0.67,,285.7515347,41.3356739,0.203831247,-0.722656993,0.660469297
1,2,Transit,2014,11.03189,0.102,1.46,,,,,6184,1.07,,285.7994917,42.8117427,0.199735967,-0.705875846,0.679591667
1,2,Transit,2014,25.762294,0.179,2.71,,,,,6184,1.07,,285.7994917,42.8117427,0.199735967,-0.705875846,0.679591667
1,2,Transit,2014,4.612696,0.057,1.57,,,,,6133,1.33,,292.4210998,37.6827919,0.301851258,-0.731581242,0.611289378
1,2,Transit,2014,13.121632,0.115,1.81,,,,,6133,1.33,,292.4210998,37.6827919,0.301851258,-0.731581242,0.611289378
1,3,Transit,2014,6.475434,0.063,1.84,,,,,5036,0.83,,291.2429746,44.0086337,0.260595969,-0.670364747,0.694766757
1,3,Transit,2014,16.85837,0.12,2.67,,,,,5036,0.83,,291.2429746,44.0086337,0.260595969,-0.670364747,0.694766757
1,3,Transit,2014,49.499875,0.246,3.43,,,,,5036,0.83,,291.2429746,44.0086337,0.260595969,-0.670364747,0.694766757
1,2,Transit,2014,34.060467,0.21,2.72,,,,,5908,0.95,,293.2302333,48.2813901,0.262480356,-0.611521178,0.746422073
1,2,Transit,2014,83.488369,0.381,2.85,,,,,5908,0.95,,293.2302333,48.2813901,0.262480356,-0.611521178,0.746422073
1,3,Transit,2014,25.563222,0.178,3.53,,,,,6248,1.09,,293.2936129,42.1963497,0.292963,-0.680461267,0.671673391
1,3,Transit,2014,57.68802,0.307,4.3,,,,,6248,1.09,,293.2936129,42.1963497,0.292963,-0.680461267,0.671673391
1,3,Transit,2014,77.095691,0.372,4.01,,,,,6248,1.09,,293.2936129,42.1963497,0.292963,-0.680461267,0.671673391
1,2,Transit,2012,13.86825,,1.498,3.83,0,247,,5979,1.63,1.03,291.2501859,49.2318073,0.236674109,-0.608600616,0.75735768
1,2,Transit,2012,16.21865,,3.679,7.13,0,191,,5979,1.63,1.03,291.2501859,49.2318073,0.236674109,-0.608600616,0.75735768
1,2,Transit,2014,3.289672,0.044,1.65,,,,,6053,1.06,,286.2847077,44.7815817,0.199034609,-0.681320267,0.704406075
1,2,Transit,2014,7.186434,0.075,2.1,,,,,6053,1.06,,286.2847077,44.7815817,0.199034609,-0.681320267,0.704406075
1,2,Transit,2014,8.486616,0.086,1.45,,,,,6169,1.34,,296.8034146,46.7411011,0.309021078,-0.611667173,0.728264542
1,2,Transit,2014,55.188023,0.3,2.52,,,,,6169,1.34,,296.8034146,46.7411011,0.309021078,-0.611667173,0.728264542
1,2,Transit,2014,10.327186,0.087,0.88,,,,,5788,0.72,,291.771603,47.5299192,0.250438718,-0.627042582,0.737630022
1,2,Transit,2014,37.866281,0.207,1.45,,,,,5788,0.72,,291.771603,47.5299192,0.250438718,-0.627042582,0.737630022
1,3,Transit,2014,3.614568,0.048,1.16,,,,,5593,1.49,,283.1920779,41.3054172,0.171436445,-0.731377865,0.660072696
1,3,Transit,2014,7.542427,0.079,1.69,,,,,5593,1.49,,283.1920779,41.3054172,0.171436445,-0.731377865,0.660072696
1,3,Transit,2014,11.932125,0.107,2.05,,,,,5593,1.49,,283.1920779,41.3054172,0.171436445,-0.731377865,0.660072696
1,2,Transit,2014,25.745718,0.178,1.55,,,,,6108,1.28,,281.5699998,47.3986233,0.135761167,-0.663139448,0.736080823
1,2,Transit,2014,59.980627,0.312,2.15,,,,,6108,1.28,,281.5699998,47.3986233,0.135761167,-0.663139448,0.736080823
1,2,Transit,2014,10.664903,0.098,2.04,,,,,6012,1.05,,295.626564,49.130411,0.283004348,-0.589973531,0.756200881
1,2,Transit,2014,17.784129,0.137,1.64,,,,,6012,1.05,,295.626564,49.130411,0.283004348,-0.589973531,0.756200881
1,2,Transit,2014,3.281959,0.045,1.46,,,,,6209,1.05,,296.8520316,49.0844359,0.295831256,-0.584327202,0.755675584
1,2,Transit,2014,12.51616,0.11,1.79,,,,,6209,1.05,,296.8520316,49.0844359,0.295831256,-0.584327202,0.755675584
1,2,Transit,2014,37.815724,0.201,1.3,,,,,4710,0.69,,297.292558,49.9817499,0.294851927,-0.571447246,0.765839661
1,2,Transit,2014,53.578637,0.253,1.2,,,,,4710,0.69,,297.292558,49.9817499,0.294851927,-0.571447246,0.765839661
1,2,Transit,2014,26.84768,0.186,3.26,,,,,5502,2.02,,291.880018,45.3878419,0.261723589,-0.651714548,0.711877034
1,2,Transit,2014,72.379334,0.36,3.88,,,,,5502,2.02,,291.880018,45.3878419,0.261723589,-0.651714548,0.711877034
1,2,Transit,2014,2.732756,0.03,1.13,,,,,3591,0.47,,293.6743322,47.9084727,0.269157389,-0.613904743,0.742074973
1,2,Transit,2014,14.871572,0.094,1.41,,,,,3591,0.47,,293.6743322,47.9084727,0.269157389,-0.613904743,0.742074973
1,4,Transit,2013,13.36731,,0.296,3.1783,0,,,5417,0.79,0.87,284.0592503,44.5183733,0.173211871,-0.691666989,0.70113795
1,4,Transit,2013,21.302,,0.75,12,,,,5417,0.77,0.8,284.0592503,44.5183733,0.173211871,-0.691666989,0.70113795
1,4,Transit,2013,39.7922,,1.94,12.2,,,,5417,0.77,0.8,284.0592503,44.5183733,0.173211871,-0.691666989,0.70113795
1,4,Timing Variation,2014,51.196,,,,,,,,0.77,0.8,284.0592503,44.5183733,0.173211871,-0.691666989,0.70113795
1,2,Transit,2014,4.57953,0.054,1.59,,,,,5852,0.9,,292.1710683,40.9162381,0.285168819,-0.699794748,0.654955003
1,2,Transit,2014,19.02293,0.14,1.91,,,,,5852,0.9,,292.1710683,40.9162381,0.285168819,-0.699794748,0.654955003
1,2,Transit,2014,34.763278,0.2,1.89,,,,,5666,0.99,,292.3264835,38.6575441,0.296648767,-0.722353209,0.62466419
1,2,Transit,2014,67.968015,0.313,1.78,,,,,5666,0.99,,292.3264835,38.6575441,0.296648767,-0.722353209,0.62466419
1,3,Transit,2014,6.849692,0.075,1.36,,,,,6509,1.14,,291.2562253,49.2589288,0.236608261,-0.608241485,0.757666699
1,3,Transit,2014,20.053763,0.154,2.09,,,,,6509,1.14,,291.2562253,49.2589288,0.236608261,-0.608241485,0.757666699
1,3,Transit,2014,30.092568,0.201,1.69,,,,,6509,1.14,,291.2562253,49.2589288,0.236608261,-0.608241485,0.757666699
1,2,Transit,2014,5.535309,0.06,1.36,,,,,5787,0.84,,289.3879904,50.5970115,0.210720691,-0.598774399,0.772700465
1,2,Transit,2014,16.725948,0.126,1.24,,,,,5787,0.84,,289.3879904,50.5970115,0.210720691,-0.598774399,0.772700465
1,3,Transit,2014,1.897806,0.029,1.03,,,,,5977,0.91,,294.1378921,42.3704075,0.302121924,-0.674205436,0.673920895
1,3,Transit,2014,3.282807,0.042,1.1,,,,,5977,0.91,,294.1378921,42.3704075,0.302121924,-0.674205436,0.673920895
1,3,Transit,2014,5.028219,0.056,1.31,,,,,5977,0.91,,294.1378921,42.3704075,0.302121924,-0.674205436,0.673920895
1,2,Transit,2014,12.125934,0.101,1.45,,,,,5826,0.84,,288.6178715,48.0983639,0.213215613,-0.632904268,0.744292476
1,2,Transit,2014,19.986326,0.141,2.65,,,,,5826,0.84,,288.6178715,48.0983639,0.213215613,-0.632904268,0.744292476
1,2,Transit,2014,4.920199,0.057,1.07,,,,,5900,1.18,,291.6071451,38.4103192,0.288546469,-0.728519744,0.621288917
1,2,Transit,2014,14.172327,0.115,1.79,,,,,5900,1.18,,291.6071451,38.4103192,0.288546469,-0.728519744,0.621288917
1,2,Transit,2014,12.509529,0.109,1.39,,,,,5949,1.22,,295.4220717,38.7356737,0.334858394,-0.704509591,0.625728449
1,2,Transit,2014,27.014976,0.182,2.06,,,,,5949,1.22,,295.4220717,38.7356737,0.334858394,-0.704509591,0.625728449
1,2,Transit,2014,16.092361,0.112,0.75,,,,,4661,0.67,,294.9489697,46.4388673,0.290681754,-0.624821337,0.724639507
1,2,Transit,2014,28.906009,0.166,0.7,,,,,4661,0.67,,294.9489697,46.4388673,0.290681754,-0.624821337,0.724639507
1,2,Transit,2014,20.09838,0.152,1.66,,,,,6054,1.31,,295.7010981,38.9458209,0.337287752,-0.700797811,0.628585238
1,2,Transit,2014,62.784697,0.326,2.29,,,,,6054,1.31,,295.7010981,38.9458209,0.337287752,-0.700797811,0.628585238
2,1,Transit,2012,105.599,0.4632,4.3,122,0.032,,475,5623,1.75,0.94,286.830312,42.2791434,0.21422239,-0.708184519,0.672743231
1,2,Transit,2014,3.930821,0.05,1.19,,,,,6045,1.22,,282.3947017,48.7591334,0.141499563,-0.643860805,0.751944903
1,2,Transit,2014,7.630004,0.078,1.27,,,,,6045,1.22,,282.3947017,48.7591334,0.141499563,-0.643860805,0.751944903
1,2,Transit,2014,5.629021,0.066,0.99,,,,,6152,1.57,,285.1828685,43.8310283,0.18893126,-0.69620523,0.692533939
1,2,Transit,2014,13.391635,0.117,1.12,,,,,6152,1.57,,285.1828685,43.8310283,0.18893126,-0.69620523,0.692533939
1,2,Transit,2014,5.262155,0.055,1.32,,,,,5600,0.94,,299.1362435,45.8699582,0.339014876,-0.608183864,0.717761312
1,2,Transit,2014,12.162701,0.097,1.59,,,,,5600,0.94,,299.1362435,45.8699582,0.339014876,-0.608183864,0.717761312
1,2,Transit,2014,12.904532,0.095,1.32,,,,,4710,0.67,,291.3426078,38.3631616,0.285365804,-0.730320247,0.620643775
1,2,Transit,2014,31.200751,0.172,1.24,,,,,4710,0.67,,291.3426078,38.3631616,0.285365804,-0.730320247,0.620643775
1,2,Transit,2014,22.597053,0.148,1.12,,,,,5577,0.88,,286.0261113,44.7828571,0.195953221,-0.682196568,0.704421875
1,2,Transit,2014,45.348269,0.236,1.13,,,,,5577,0.88,,286.0261113,44.7828571,0.195953221,-0.682196568,0.704421875
1,3,Transit,2014,10.043686,0.097,2.73,,,,,6326,1.13,,294.3385109,50.3365178,0.263051221,-0.581551352,0.769806521
1,3,Transit,2014,15.163161,0.127,3.04,,,,,6326,1.13,,294.3385109,50.3365178,0.263051221,-0.581551352,0.769806521
1,3,Transit,2020,56.4159,,2.619,,,,,5829,1.16,1.05,294.3385109,50.3365178,0.263051221,-0.581551352,0.769806521
1,2,Transit,2014,12.31043,0.096,1.39,,,,,5178,0.77,,289.8589165,48.6938077,0.224233603,-0.620829019,0.751192799
1,2,Transit,2014,25.193458,0.155,1.58,,,,,5178,0.77,,289.8589165,48.6938077,0.224233603,-0.620829019,0.751192799
1,2,Transit,2014,6.791636,0.068,1.03,,,,,5774,1.05,,287.7982699,45.6567655,0.213647208,-0.665502182,0.715165517
1,2,Transit,2014,11.837549,0.098,0.89,,,,,5774,1.05,,287.7982699,45.6567655,0.213647208,-0.665502182,0.715165517
1,2,Transit,2014,3.173315,0.036,0.81,,,,,4498,0.59,,284.8280577,44.6086451,0.182194006,-0.688211859,0.702260479
1,2,Transit,2014,13.297004,0.093,0.86,,,,,4498,0.59,,284.8280577,44.6086451,0.182194006,-0.688211859,0.702260479
1,2,Transit,2014,3.244107,0.041,1.51,,,,,5376,0.79,,291.9600082,44.9000587,0.264890027,-0.656945641,0.705872296
1,2,Transit,2014,14.51143,0.11,1.46,,,,,5376,0.79,,291.9600082,44.9000587,0.264890027,-0.656945641,0.705872296
1,1,Transit,2011,21.08721,0.164,13.9,6388.1,0.112,,897,6350,1.4,1.29,296.9603348,46.0342954,0.31474447,-0.618779428,0.719755471
2,2,Transit,2014,6.738088,0.065,0.82,,,,,5166,0.78,,291.6288086,41.2088351,0.277296676,-0.699343906,0.658805476
2,2,Transit,2014,13.060022,0.101,0.79,,,,,5166,0.78,,291.6288086,41.2088351,0.277296676,-0.699343906,0.658805476
1,2,Transit,2014,7.416755,0.082,3.2,,,,,4940,3.57,,290.6218844,51.0573453,0.221372052,-0.588268463,0.777775436
1,2,Transit,2014,20.485435,0.161,3.54,,,,,4940,3.57,,290.6218844,51.0573453,0.221372052,-0.588268463,0.777775436
1,2,Transit,2014,5.341853,0.059,1,,,,,5938,1.13,,288.660826,43.3681938,0.232600683,-0.688739367,0.686684067
1,2,Transit,2014,10.423118,0.093,1.1,,,,,5938,1.13,,288.660826,43.3681938,0.232600683,-0.688739367,0.686684067
1,2,Transit,2014,9.182417,0.091,1.29,,,,,6189,1.38,,290.995205,45.192188,0.252497924,-0.657944154,0.709474657
1,2,Transit,2014,14.613612,0.124,1.33,,,,,6189,1.38,,290.995205,45.192188,0.252497924,-0.657944154,0.709474657
1,2,Transit,2014,8.005013,0.083,1.6,,,,,6402,1.13,,296.3019792,50.6723115,0.280818103,-0.568142843,0.773534035
1,2,Transit,2014,12.130686,0.11,1.66,,,,,6402,1.13,,296.3019792,50.6723115,0.280818103,-0.568142843,0.773534035
1,2,Transit,2014,7.054346,0.061,1.03,,,,,4262,0.56,,293.5111889,45.1366252,0.281411349,-0.646856323,0.708790907
1,2,Transit,2014,34.989262,0.177,1.32,,,,,4262,0.56,,293.5111889,45.1366252,0.281411349,-0.646856323,0.708790907
1,2,Transit,2013,42.994,,3.5,75.5,,,,,1.06,0.85,296.1328135,48.9773095,0.289095052,-0.589261989,0.754449706
1,2,Transit,2013,88.505,,5.3,17.9,,,,,1.06,0.85,296.1328135,48.9773095,0.289095052,-0.589261989,0.754449706
1,2,Transit,2014,22.250949,0.144,2.46,,,,,5307,0.77,,295.8940373,42.3805156,0.322589603,-0.664523058,0.674051224
1,2,Transit,2014,135.498527,0.48,6.18,,,,,5307,0.77,,295.8940373,42.3805156,0.322589603,-0.664523058,0.674051224
1,3,Transit,2014,4.081423,0.044,0.93,,,,,4493,0.61,,291.4688524,40.3437001,0.278952447,-0.70929257,0.647371287
1,3,Transit,2014,11.419412,0.087,1.01,,,,,4493,0.61,,291.4688524,40.3437001,0.278952447,-0.70929257,0.647371287
1,3,Transit,2016,6.83437001,,0.88,,,,,4557,0.67,0.72,291.4688524,40.3437001,0.278952447,-0.70929257,0.647371287
1,3,Transit,2014,14.425281,0.103,0.96,,,,,5502,0.68,,299.5017242,40.6707669,0.37350686,-0.660124788,0.651711508
1,3,Transit,2014,26.67569,0.155,1.43,,,,,5502,0.68,,299.5017242,40.6707669,0.37350686,-0.660124788,0.651711508
1,3,Transit,2014,58.034616,0.261,1.89,,,,,5502,0.68,,299.5017242,40.6707669,0.37350686,-0.660124788,0.651711508
1,1,Transit,2009,3.21346,0.0456,4.002,24.472,0,,1650,5857,1.49,1.22,285.6154492,50.1357712,0.172536142,-0.617312336,0.767565475
1,1,Transit,2010,6.87349,0.08,13.11,699.2,0,,1620,6510,2.13,1.48,296.8136883,47.5265446,0.304598395,-0.602644537,0.737590252
1,2,Transit,2014,9.024389,0.087,1.65,,,,,5886,1.15,,290.9444679,40.4800528,0.271897757,-0.710375029,0.649183278
1,2,Transit,2014,17.340824,0.134,1.49,,,,,5886,1.15,,290.9444679,40.4800528,0.271897757,-0.710375029,0.649183278
1,3,Transit,2014,14.383035,0.122,1.71,,,,,6117,1.33,,290.0827494,50.8634361,0.216729537,-0.592794264,0.775643777
1,3,Transit,2014,47.318218,0.269,2.15,,,,,6117,1.33,,290.0827494,50.8634361,0.216729537,-0.592794264,0.775643777
1,3,Transit,2016,184.256405,,2.27,,,,,6184,1.29,1.17,290.0827494,50.8634361,0.216729537,-0.592794264,0.775643777
1,4,Transit,2014,4.028751,0.051,1.22,,,,,6090,1.26,,288.3701976,43.3546109,0.229155426,-0.690064824,0.686511711
1,4,Transit,2014,6.124821,0.068,1.56,,,,,6090,1.26,,288.3701976,43.3546109,0.229155426,-0.690064824,0.686511711
1,4,Transit,2014,8.921099,0.087,1.38,,,,,6090,1.26,,288.3701976,43.3546109,0.229155426,-0.690064824,0.686511711
1,4,Transit,2014,11.242861,0.102,1.46,,,,,6090,1.26,,288.3701976,43.3546109,0.229155426,-0.690064824,0.686511711
1,3,Transit,2014,7.031462,0.076,1.25,,,,,6090,1.33,,289.9214256,46.7445267,0.233486891,-0.644247585,0.728305513
1,3,Transit,2014,54.280749,0.297,1.75,,,,,6090,1.33,,289.9214256,46.7445267,0.233486891,-0.644247585,0.728305513
1,3,Transit,2016,13.61159129,,1.42,,,,,6209,1.45,1.25,289.9214256,46.7445267,0.233486891,-0.644247585,0.728305513
1,2,Transit,2014,11.829851,0.102,1.27,,,,,5654,0.88,,286.3985796,45.3435241,0.198428262,-0.67426311,0.711333595
1,2,Transit,2014,14.751166,0.118,1.72,,,,,5654,0.88,,286.3985796,45.3435241,0.198428262,-0.67426311,0.711333595
1,2,Transit,2014,10.613839,0.095,2.08,,,,,5818,0.89,,291.4094615,38.3400107,0.286309277,-0.730220192,0.620326904
1,2,Transit,2014,29.726682,0.188,4.66,,,,,5818,0.89,,291.4094615,38.3400107,0.286309277,-0.730220192,0.620326904
1,2,Transit,2014,2.42629,,1.43,6.35,,,,5538,1.07,1.07,291.8481764,44.9682807,0.263294304,-0.656680832,0.706715214
1,2,Transit,2014,4.62332,,0.85,2.71,,,,5538,1.07,1.07,291.8481764,44.9682807,0.263294304,-0.656680832,0.706715214
1,2,Transit,2014,0.66931,,1.07,3.2,,,,5476,1.01,1,286.0363025,49.6145027,0.178987505,-0.622714241,0.761702335
1,2,Radial Velocity,2014,3000,,,4000,,,,5476,1.01,1,286.0363025,49.6145027,0.178987505,-0.622714241,0.761702335
1,1,Transit,2014,2.46502,,0.82,5,,,,6104,1.23,1.08,284.7862158,48.4232622,0.169365203,-0.641646567,0.748067584
1,1,Transit,2014,68.9584,,1.19,22,,,,5460,0.89,0.92,293.6792058,46.8527337,0.274655111,-0.626299292,0.72959836
1,1,Transit,2011,1.8555582,0.03101,14.46,177.98,0,,1790,5750,1.29,1.15,294.5132465,45.9816453,0.288311861,-0.632255234,0.71911723
2,1,Transit,2013,17.833648,0.1226,2.838,,0.17,,,6273,1.35,1.21,283.1510448,45.1400838,0.16048636,-0.686876419,0.708833488
2,4,Transit,2013,3.005156,0.0375,2.401,25.6,0.146,,1138,,0.82,0.87,287.6057027,49.5233937,0.196341226,-0.61873229,0.76067107
2,4,Transit,2016,7.834435,0.0739,4.421,26.4,0.108,,838,,0.82,0.87,287.6057027,49.5233937,0.196341226,-0.61873229,0.76067107
2,4,Transit,2018,58.02035,0.279,3.319,15.2,0.128,,410,,0.82,0.87,287.6057027,49.5233937,0.196341226,-0.61873229,0.76067107
2,4,Timing Variation,2018,31.509728,0.186,,10.8,0.016,,503,,0.82,0.87,287.6057027,49.5233937,0.196341226,-0.61873229,0.76067107
1,1,Transit,2014,1.7208604,0.02897,15.031,299.07803,,,1850,5750,1.29,1.17,286.1103053,43.6809612,0.200678007,-0.694796211,0.690642138
2,1,Transit,2014,66.262,0.3553,4.347,67,0.1181,,,4700,0.78,0.82,288.5106679,51.1624235,0.199097169,-0.594670733,0.778926849
1,2,Timing Variation,2014,4.7,,1.71,3.5,,,,,0.95,0.89,297.9615616,48.2443363,0.312252579,-0.588213342,0.745991549
1,2,Timing Variation,2014,7.171,,3.01,29.9,,,,,0.95,0.89,297.9615616,48.2443363,0.312252579,-0.588213342,0.745991549
1,2,Timing Variation,2014,4.176,,1.21,119.9,,,,,0.64,0.67,293.8045041,38.6390517,0.31526342,-0.714645702,0.624412121
1,2,Timing Variation,2014,8.708,,,,,,,,0.64,0.67,293.8045041,38.6390517,0.31526342,-0.714645702,0.624412121
1,2,Timing Variation,2014,6.319,,2.48,58.2,,,,,1.07,1,291.5569554,39.2272923,0.284624054,-0.720459195,0.632398368
1,2,Timing Variation,2014,12.209,,,,,,,,1.07,1,291.5569554,39.2272923,0.284624054,-0.720459195,0.632398368
1,2,Timing Variation,2014,12.331,,2.31,11,,,,,0.81,0.9,293.8241813,42.779648,0.296474009,-0.671428946,0.679180634
1,2,Timing Variation,2014,15.943,,,,,,,,0.81,0.9,293.8241813,42.779648,0.296474009,-0.671428946,0.679180634
1,1,Transit,2014,86.67856,,13.45,349.6,0.2,,,5820,1.09,0.98,294.4335228,38.3554729,0.324364329,-0.71394656,0.62053855
1,2,Transit,2014,69.7546,0.37,10.8,794.5,0.833,,,6430,1.74,1.39,295.4179125,51.1847629,0.269038285,-0.566136456,0.7791713
1,2,Timing Variation,2014,675.47,1.68,,2320.1,0.184,,,6430,1.74,1.39,295.4179125,51.1847629,0.269038285,-0.566136456,0.7791713
1,3,Transit,2011,1.2137672,0.0116,0.78,,,,519,3068,0.17,0.13,292.2196,44.6173667,0.269177488,-0.658954848,0.70236884
1,3,Transit,2011,0.45328509,0.006,0.73,,,,720,3068,0.17,0.13,292.2196,44.6173667,0.269177488,-0.658954848,0.70236884
1,3,Transit,2011,1.865169,0.0154,0.57,,,,450,3068,0.17,0.13,292.2196,44.6173667,0.269177488,-0.658954848,0.70236884
1,1,Transit,2014,704.1984,1.219,4.16,,0.041,,185,5308,0.76,0.79,283.2568116,45.0876823,0.161902639,-0.687209715,0.70818807
1,1,Transit,2014,7.8914483,0.082,12.89,136.66,,,,5972,1.24,1.15,282.6296334,46.3232807,0.150995785,-0.67387898,0.723247809
1,1,Transit,2014,2.6843285,0.03585,13.361,189.101,0.019,,1605,5560,0.95,0.85,292.8557189,46.3911883,0.267899689,-0.635577283,0.724065794
1,2,Transit,2014,3.3118644,0.044,9.98,327.35,,,,5460,0.94,1.01,298.6249797,48.57745,0.316959122,-0.580741583,0.749850738
1,2,Radial Velocity,2014,223.3,0.73,,2215.18,,,,5460,0.94,1.01,298.6249797,48.57745,0.316959122,-0.580741583,0.749850738
1,1,Transit,2014,3.79701816,0.0464,10.962,79.45,0.33,,1070,5170,0.86,0.93,290.3579781,40.5676965,0.264266343,-0.712189115,0.650346035
1,1,Transit,2014,3.21751883,0.0414,12.22,108.06,0.18,,1300,5725,0.92,0.91,289.4346668,49.473455,0.216209193,-0.612775635,0.760104996
1,1,Transit,2014,10.290994,0.091,13.79,92.17,0.57,,1100,5800,1.35,0.96,288.2545808,43.7048379,0.226443762,-0.68652776,0.690943454
1,1,Transit,2014,3.52563254,0.0433,12.11,403.63,0.22,,1070,5150,0.8,0.87,290.5817432,40.5773106,0.267007364,-0.711049439,0.650473491
1,1,Transit,2011,3.0240949,0.046,13.664,1026.5909,,,1620,6041,1.42,1.32,285.2408288,46.6682411,0.180391738,-0.662086833,0.727392499
1,2,Transit,2015,35.968,0.2244,3.25,,,,667,5884,1.49,1.17,292.8085984,49.5794242,0.251352224,-0.597692214,0.761305509
1,2,Transit,2015,110.979,0.4757,1.75,,,,458,5884,1.49,1.17,292.8085984,49.5794242,0.251352224,-0.597692214,0.761305509
1,3,Transit,2015,6.803,0.0719,0.764,,,,1032,6004,1.09,1.07,281.1123072,43.2277663,0.140432171,-0.714975799,0.684900293
1,3,Transit,2015,8.703,0.0847,0.668,,,,951,6004,1.09,1.07,281.1123072,43.2277663,0.140432171,-0.714975799,0.684900293
1,3,Transit,2015,11.922,0.1045,1.11,,,,856,6004,1.09,1.07,281.1123072,43.2277663,0.140432171,-0.714975799,0.684900293
2,2,Transit,2015,52.501129,0.301,12.834,1719.4603,0.5134,,,4995,4.06,1.32,293.2822344,48.2859173,0.263011946,-0.611228524,0.746474653
2,2,Radial Velocity,2015,406.2,,,772.3269,0.498,,,4995,4.06,1.32,293.2822344,48.2859173,0.263011946,-0.611228524,0.746474653
1,1,Transit,2015,5.33408384,0.0679,16.25,896.24,0.119,,1776,6360,2.26,1.46,297.5936232,40.9772546,0.349700126,-0.669096009,0.655759371
1,1,Transit,2015,12.8747099,0.1143,12.67,908.96,0.131,,1000,5977,1.38,1.2,293.5863887,42.9288624,0.292976117,-0.671030315,0.681089797
1,1,Transit,2015,8.6001536,0.0948,22.31,266.97,0.114,,1729,6161,3.21,1.54,292.2873012,43.1972542,0.276474588,-0.674540503,0.684512171
1,2,Transit,2015,64.00205,0.339,2.73,,0.19,1.69,,4651,0.7,0.73,301.7207775,44.4120856,0.375577949,-0.607619557,0.699814031
1,2,Transit,2016,16.79713874,,2.33,,,,,4685,0.71,0.75,301.7207775,44.4120856,0.375577949,-0.607619557,0.699814031
1,1,Transit,2015,66.65062,0.288,2.14,,0.02,2.15,,4551,0.68,0.71,297.3473326,44.0269249,0.330302833,-0.638654944,0.694996332
1,1,Transit,2015,35.23319,0.166,1.12,,0.03,1.4,,3748,0.52,0.54,281.6457236,41.9510686,0.150126203,-0.728406215,0.668495706
1,1,Transit,2015,178.1396,0.563,2.24,,0.03,1.83,,5431,0.87,0.88,280.8015188,44.0339733,0.134732352,-0.70619002,0.695084778
1,1,Transit,2011,3.2467293,0.0446,12.22,317.82,0.066,,1544,5800,1.35,1.12,300.1023512,45.7621918,0.349897727,-0.60354817,0.716450408
1,1,Transit,2015,101.11141,0.242,1.86,,0.34,1.2,,4134,0.56,0.57,285.3500664,41.4523695,0.198406162,-0.72276877,0.661997206
1,1,Transit,2015,207.2482,0.64,1.64,,0.1,0.21,,4340,0.55,0.57,284.566954,49.0127077,0.164964076,-0.634807591,0.75485507
1,1,Transit,2015,112.3053,0.409,1.34,,0.04,0.66,,4402,0.6,0.61,285.3666029,39.2800704,0.205121468,-0.746387838,0.633111664
1,1,Transit,2015,177.6693,0.495,2.33,,0.11,0.86,,4723,0.71,0.74,288.6104839,49.9685458,0.20526874,-0.609574726,0.765691451
3,5,Transit,2015,3.6001053,0.04178,0.403,,0.16,,,5046,0.75,0.76,289.7528323,41.631884,0.252603364,-0.703449303,0.664342245
3,5,Transit,2015,4.5458841,0.04881,0.497,,0.31,,,5046,0.75,0.76,289.7528323,41.631884,0.252603364,-0.703449303,0.664342245
3,5,Transit,2015,6.189392,0.06,0.53,,0.18,,,5046,0.75,0.76,289.7528323,41.631884,0.252603364,-0.703449303,0.664342245
3,5,Transit,2015,7.743493,0.0696,0.546,,0.1,,,5046,0.75,0.76,289.7528323,41.631884,0.252603364,-0.703449303,0.664342245
3,5,Transit,2015,9.740486,0.0811,0.741,,0.29,,,5046,0.75,0.76,289.7528323,41.631884,0.252603364,-0.703449303,0.664342245
1,3,Transit,2015,2.984151,,1.58,,0,,,3157,0.21,0.18,298.7363395,46.4991236,0.330952258,-0.603587524,0.725363842
1,3,Transit,2015,4.871229,,2.51,,0,,,3157,0.21,0.18,298.7363395,46.4991236,0.330952258,-0.603587524,0.725363842
1,3,Transit,2015,8.15275,,1.25,,0,,,3157,0.21,0.18,298.7363395,46.4991236,0.330952258,-0.603587524,0.725363842
1,3,Transit,2015,1.565409,,1.5,,0,,,3359,0.24,0.22,282.2501047,44.921002,0.150240253,-0.691958553,0.706131168
1,3,Transit,2015,3.036179,,1.11,,0,,,3359,0.24,0.22,282.2501047,44.921002,0.150240253,-0.691958553,0.706131168
1,3,Transit,2015,5.148921,,1.35,,0,,,3359,0.24,0.22,282.2501047,44.921002,0.150240253,-0.691958553,0.706131168
1,1,Transit,2015,7.79430132,0.0769,18.49,435.41,0.123,,,5493,1.05,1,285.2685283,48.5598835,0.174290244,-0.638475528,0.749647858
1,2,Timing Variation,2017,2500,4.2,,6992.26,0.65,,,,1.4,1.5,297.4537402,41.0110188,0.347887321,-0.669604745,0.656204158
1,2,Transit,2015,12.58242,,2.056,,0.03,,,5649.18,,,293.732787,41.9006366,0.29956134,-0.681360137,0.667840825
1,2,Transit,2015,33.6727,,2.764,,0.05,,,5649.18,,,293.732787,41.9006366,0.29956134,-0.681360137,0.667840825
1,1,Transit,2011,2.455239,0.03,10.76,160.497,0.11,,1000,3820,0.55,0.59,292.8729292,41.0641727,0.29306127,-0.694688667,0.656903911
1,3,Transit,2015,28.454851,,6.14,,0.02,,,6197.21,1.64,1.19,295.4865821,51.0135237,0.270717444,-0.567913159,0.77729448
1,3,Transit,2015,15.413135,,2.62,,0.02,,,6197.21,1.64,1.19,295.4865821,51.0135237,0.270717444,-0.567913159,0.77729448
1,3,Transit,2015,7.51464,,0.837,,0.14,,,6197.21,1.64,1.19,295.4865821,51.0135237,0.270717444,-0.567913159,0.77729448
1,1,Transit,2015,384.843,1.046,1.63,,,1.1,265,5757,1.11,1.04,296.003752,44.2775861,0.31390093,-0.643485331,0.698135256
2,1,Transit,2015,240.503,0.7903,6.204,16,0.0359,,,5527,0.83,0.94,283.2413322,46.3784691,0.158021839,-0.671550115,0.723912662
2,2,Transit,2015,10.57,,2.354,6.05338,0,,,5701,1.05,0.85,287.4786474,38.2290751,0.235938111,-0.749273632,0.618807104
2,2,Radial Velocity,2015,523.9,,,1417.5218,0.0214,,,5701,1.07,1.03,287.4786474,38.2290751,0.235938111,-0.749273632,0.618807104
1,2,Transit,2016,20.74028413,,4.2,,,,,6117.21,2.22,1.15,297.0454037,46.3286653,0.313977261,-0.615009762,0.723312707
1,3,Transit,2012,33.60134,0.1968,9.057,1907,0.01,,543,5155,0.94,0.9,289.2687388,42.6041819,0.24289529,-0.694815132,0.676929694
1,3,Timing Variation,2012,57.011,0.2799,,119.499,0.0146,,455,5155,0.94,0.9,289.2687388,42.6041819,0.24289529,-0.694815132,0.676929694
1,3,Transit,2014,6.766589,0.067,1.64,,,,,5309,0.79,,289.2687388,42.6041819,0.24289529,-0.694815132,0.676929694
1,2,Transit,2016,220.1303357,,5.52,,,,,6146,1.26,1.17,288.4749028,40.6512848,0.240420218,-0.719587634,0.651453572
1,1,Transit,2016,8.31378306,,2.58,,,,,5634,0.91,0.98,292.2490563,46.1647909,0.262236391,-0.641021247,0.72133476
1,2,Transit,2016,84.6866,,3,53.9,0.042,,,7500,1.57,1.59,299.8211502,43.8142793,0.358841422,-0.626036465,0.69232303
1,2,Transit,2020,207.62,,4,6,0.11,,,7500,1.57,1.59,299.8211502,43.8142793,0.358841422,-0.626036465,0.69232303
1,1,Transit,2016,8.98101683,,3.05,,,,,5661,0.9,0.87,298.9368228,44.8578644,0.342977708,-0.620360392,0.705350463
1,1,Transit,2016,7.25696522,,3.3,,,,,5933,1.59,1.21,294.8351052,48.9823204,0.27564797,-0.595598207,0.754507106
1,1,Transit,2016,9.94067247,,2.95,,,,,6310,1.29,1.23,284.5557853,46.0638865,0.174381595,-0.671585441,0.720113918
1,2,Transit,2016,51.07926307,,2.85,,,,,5927,1.05,1.04,295.6486585,48.4955191,0.286841418,-0.597381749,0.748903897
1,2,Transit,2016,3.70921385,,1.25,,,,,5927,1.05,1.04,295.6486585,48.4955191,0.286841418,-0.597381749,0.748903897
1,1,Transit,2016,24.99324193,,2.25,,,,,5809,1.37,1.05,287.3629145,38.6497341,0.233062053,-0.745392319,0.62455774
1,1,Transit,2016,38.47875707,,13.34,,,,,5498,0.87,0.96,288.9022829,49.3704079,0.210948646,-0.616050478,0.758935094
2,3,Transit,2012,49.4643,0.2877,3.05,2.07,0.021,,,,0.94,0.96,295.2978883,46.9204303,0.291868376,-0.617511228,0.730405869
2,3,Transit,2012,303.227,0.9638,4.65,3.17,0.044,,,,0.94,0.96,295.2978883,46.9204303,0.291868376,-0.617511228,0.730405869
2,3,Transit,2019,187.366,0.6992,7.04,19.02,0.024,,,,0.94,0.96,295.2978883,46.9204303,0.291868376,-0.617511228,0.730405869
1,1,Transit,2016,24.66919569,,14.44,,,,,6613,1.66,1.4,297.009436,50.3722829,0.289647208,-0.568233286,0.770204796
1,1,Transit,2016,5.01423457,,14.96,,,,,6733,1.8,1.49,299.0975167,43.4975851,0.352761858,-0.633852617,0.688324002
1,1,Transit,2016,4.17625551,,3.22,,,,,4996,0.78,0.85,296.5245187,39.2498503,0.345829581,-0.692884138,0.632703305
1,1,Transit,2016,14.55731705,,4.08,,,,,5816,1.34,1.06,286.6300796,38.9455907,0.222583451,-0.745212141,0.628582113
1,1,Transit,2016,5.66067294,,3.06,,,,,5785,1.08,0.99,292.3215174,43.8811723,0.273754428,-0.666768908,0.693165014
1,1,Transit,2016,3.10550819,,2.49,,,,,5009,0.79,0.86,287.051694,40.2114232,0.223933525,-0.730096954,0.645609955
1,1,Transit,2016,14.00640607,,3.08,,,,,5837,1.09,1.03,295.1637592,43.9630716,0.306058546,-0.651476807,0.694194596
2,1,Transit,2016,11.11990653,,2.07,,,,,5240,0.79,0.87,288.067445,42.355305,0.229184874,-0.702543516,0.673726132
1,1,Transit,2016,13.2217576,,2.71,,,,,5210,0.8,0.85,292.4870063,46.196187,0.264745071,-0.639561343,0.721714165
1,1,Transit,2016,12.49341307,,2.12,,,,,5247,0.81,0.86,291.0218899,37.7698734,0.283563607,-0.737865736,0.612491499
1,4,Transit,2012,4.778,,1.88,3.94,,,,5194,0.89,0.88,299.1393094,40.948939,0.367778864,-0.659702703,0.655386185
1,4,Transit,2012,9.67395,,2.71,14.61,,,,5194,0.89,0.88,299.1393094,40.948939,0.367778864,-0.659702703,0.655386185
1,4,Transit,2014,42.8961,,2.04,7.93,,,,5194,0.89,0.88,299.1393094,40.948939,0.367778864,-0.659702703,0.655386185
1,4,Radial Velocity,2014,982,,,657,,,,5194,0.89,0.88,299.1393094,40.948939,0.367778864,-0.659702703,0.655386185
1,1,Transit,2016,4.9195838,,2.78,,,,,6322,1.34,1.25,294.4639165,49.7650473,0.267489903,-0.587933956,0.763402132
1,1,Transit,2016,10.06082567,,2.5,,,,,5802,1.09,1.01,291.9069862,49.262076,0.243485682,-0.605476319,0.757702547
1,1,Transit,2016,56.35418576,,2.36,,,,,4871,0.72,0.75,296.8229326,48.1077628,0.301303757,-0.595887302,0.744402022
1,1,Transit,2016,30.229104,,3.21,,,,,6346,1.47,1.28,291.6467764,41.8846843,0.274630092,-0.691985353,0.66763357
1,1,Transit,2016,10.04556931,,2.28,,,,,5668,0.87,0.96,284.3942844,46.2491109,0.171908274,-0.669815911,0.722353231
1,1,Transit,2016,3.2432598,,14.41,,,,,5958,1.09,1.07,294.9963415,50.4700458,0.268951887,-0.576865349,0.771291937
1,1,Transit,2016,30.36044667,,11,,,,,4926,0.75,0.79,284.8799791,49.2670195,0.167567709,-0.630652509,0.757758851
1,2,Transit,2016,15.3587684,,11.42,,,,,5444,0.88,0.91,295.2872318,41.2220033,0.321290753,-0.680088061,0.658978361
1,2,Transit,2016,38.6519976,,2.68,,,,,5444,0.88,0.91,295.2872318,41.2220033,0.321290753,-0.680088061,0.658978361
1,1,Transit,2016,3.12082923,,15.79,,,,,5970,1.09,1.07,282.9662152,48.3450555,0.149130255,-0.647696308,0.747161066
1,1,Transit,2016,17.27629612,,7.72,,,,,5014,0.76,0.82,290.8332412,38.1841851,0.279550118,-0.734636681,0.618191458
1,4,Transit,2012,7.2037945,,2.72,311.46,,,,3974,0.53,0.55,292.2945208,40.5918123,0.288078271,-0.702598779,0.650665709
1,4,Transit,2012,10.9129343,,2.55,228.83,,,,3974,0.53,0.55,292.2945208,40.5918123,0.288078271,-0.702598779,0.650665709
1,4,Transit,2014,2.576549,0.031,1.6,,,,,4252,0.56,,292.2945208,40.5918123,0.288078271,-0.702598779,0.650665709
1,4,Transit,2014,18.596108,0.116,1.56,,,,,4252,0.56,,292.2945208,40.5918123,0.288078271,-0.702598779,0.650665709
1,1,Transit,2016,3.26869515,,11.65,,,,,6045,1.12,1.08,295.025662,46.9559536,0.288739524,-0.618480536,0.730829196
1,1,Transit,2016,4.22538451,,8.92,,,,,5582,1.03,1.04,287.1305782,42.3501533,0.217685013,-0.706254816,0.673659684
1,1,Transit,2016,11.72012266,,9.59,,,,,5527,0.91,0.94,295.4967099,42.5379323,0.317175261,-0.665070044,0.676078169
1,1,Transit,2016,3.00387658,,15.13,,,,,6457,1.54,1.36,295.3075252,38.8815716,0.332767059,-0.703734917,0.627712714
1,1,Transit,2016,8.02511821,,7.14,,,,,6007,1.26,1.1,297.2140408,41.6640071,0.341640534,-0.664360073,0.664761189
1,1,Transit,2016,3.41303622,,5.23,,,,,5346,0.83,0.86,285.9307362,39.0981201,0.213011097,-0.746261627,0.630650345
1,1,Transit,2016,8.30864937,,2.32,,,,,5293,0.82,0.86,291.6408978,41.2411044,0.277307349,-0.698940381,0.659229078
1,1,Transit,2016,3.57320367,,6.04,,,,,5834,1.11,1.09,290.7659557,38.9279468,0.275818598,-0.727399272,0.628342582
1,1,Transit,2016,9.61375356,,3.03,,,,,5744,0.96,0.98,290.3581592,44.5187225,0.24805122,-0.668483413,0.701142295
1,1,Transit,2016,5.63252845,,2.17,,,,,5312,0.83,0.87,295.1099549,43.9151012,0.305693167,-0.65228998,0.693591717
1,1,Transit,2009,3.5484657,0.0538,15.984,670.93913,,,1750,6297,1.79,1.37,299.4070341,44.0350387,0.352994891,-0.626285218,0.695098146
1,2,Transit,2012,7.81254,0.077,1.71,,,,,6225,1.58,1.24,288.1009312,50.0336844,0.199568932,-0.610548312,0.766422208
1,2,Transit,2012,9.37647,0.087,2.17,,,,,6225,1.58,1.24,288.1009312,50.0336844,0.199568932,-0.610548312,0.766422208
1,1,Transit,2016,8.5083244,,2.58,,,,,5813,1.03,1.02,295.9513472,43.8519884,0.315572928,-0.648417263,0.692797792
1,1,Transit,2016,5.64067757,,4.3,,,,,5904,1.04,1.03,297.2014919,41.7301534,0.341143974,-0.66375187,0.6656232
1,1,Transit,2016,4.28686431,,4.77,,,,,6125,1.22,1.15,291.080133,43.8601911,0.259336207,-0.67277998,0.692901025
2,1,Transit,2016,9.54927542,,1.59,,,,,3519,0.33,0.33,284.9219608,45.9723265,0.178966181,-0.671568362,0.719004201
1,1,Transit,2016,27.52197994,,2.6,,,,,3931,0.53,0.55,287.857953,42.5426758,0.225937767,-0.701275944,0.676139169
1,1,Transit,2016,6.8834055,,2.73,,,,,6236,1.19,1.19,284.6351885,40.7198296,0.191495943,-0.733317637,0.652360749
1,1,Transit,2016,3.56809693,,1.3,,,,,6113,1.32,1.16,297.0188074,50.409046,0.289515583,-0.567745532,0.770613871
1,1,Transit,2016,25.30889748,,1.64,,,,,6025,1.25,1.16,295.4042546,42.9812789,0.313847937,-0.66083557,0.681759358
1,1,Transit,2016,41.74600392,,2.49,,,,,6060,1.2,1.1,289.664394,48.706165,0.22207004,-0.621434146,0.751335145
1,3,Transit,2012,45.154,0.2514,7.1,2.1,0.04,,543,6018,0.94,1.04,296.4797624,49.9376486,0.286978755,-0.57609983,0.765344484
1,3,Transit,2012,85.312,0.384,9,4,0.014,,439,6018,0.94,1.04,296.4797624,49.9376486,0.286978755,-0.57609983,0.765344484
1,3,Transit,2014,130.194,0.509,9.7,7.6,0.008,,381,6018,0.94,1.04,296.4797624,49.9376486,0.286978755,-0.57609983,0.765344484
1,1,Transit,2016,19.55659418,,2.47,,,,,5746,1.41,0.91,287.6550196,39.2441716,0.23488125,-0.737979977,0.63262655
1,1,Transit,2016,296.637865,,6.35,,,,,5770,1.2,1,282.9455384,47.5749181,0.15113285,-0.657478934,0.738160086
1,1,Transit,2016,34.43587975,,2.69,,,,,5997,1.3,1.17,298.2689217,48.9167391,0.311235572,-0.578779055,0.753755414
1,1,Transit,2016,28.86235584,,2.2,,,,,5849,1.06,1.02,285.0416235,50.0753913,0.166554948,-0.619790147,0.766889577
2,1,Transit,2016,5.65179605,,1.72,,,,,6106,1.44,1.28,286.2471739,50.2423694,0.178931951,-0.614000445,0.768756665
2,1,Transit,2016,19.96371318,,1.46,,,,,5293,0.83,0.9,290.493913,52.055611,0.215280049,-0.575979181,0.78860794
1,1,Transit,2016,24.85462415,,5.74,,,,,7099,2.02,1.62,295.6087625,38.7357368,0.337151867,-0.703414139,0.625729309
2,1,Transit,2016,60.92832271,,2.67,,,,,5690,0.98,0.95,293.6755138,41.2952061,0.301697108,-0.688084025,0.659938808
1,1,Transit,2016,8.51203588,,2.11,,,,,5842,0.88,0.96,287.090019,41.3737576,0.220526995,-0.717278774,0.660968233
2,1,Transit,2016,24.3078946,,2.1,,,,,5260,0.8,0.89,299.3196708,41.3847447,0.367401964,-0.654176246,0.661112121
1,3,Transit,2012,7.8773565,,2.1,2765,,,,4075,0.52,0.54,286.7380152,49.9757383,0.18521364,-0.615864322,0.765772188
1,3,Transit,2012,16.3850021,,1.84,3308.41,,,,4075,0.52,0.54,286.7380152,49.9757383,0.18521364,-0.615864322,0.765772188
1,3,Transit,2014,36.445171,0.182,1.95,,,,,4263,0.56,,286.7380152,49.9757383,0.18521364,-0.615864322,0.765772188
1,2,Transit,2016,19.67416124,,1.66,,,,,6112,1.09,1.1,293.1802903,41.6177408,0.294271616,-0.687239937,0.664157726
1,2,Transit,2016,5.21104261,,1.07,,,,,6112,1.09,1.1,293.1802903,41.6177408,0.294271616,-0.687239937,0.664157726
1,1,Transit,2016,22.20813214,,3.18,,,,,6406,1.46,1.34,298.8163801,43.9980203,0.346736359,-0.630284203,0.694633515
1,1,Transit,2016,38.58422849,,6.91,,,,,6392,1.98,1.54,288.153973,44.0688154,0.2238658,-0.682739686,0.695521836
1,1,Transit,2016,5.83598311,,1.96,,,,,5515,0.86,0.93,284.0611224,45.5068127,0.170270106,-0.679825715,0.713333785
1,2,Transit,2016,7.97419807,,1.91,,,,,6014,1.1,1.09,296.8591787,49.1620125,0.295441609,-0.583376979,0.756561667
1,2,Transit,2016,1.88897906,,0.96,,,,,6014,1.1,1.09,296.8591787,49.1620125,0.295441609,-0.583376979,0.756561667
1,1,Transit,2016,18.68404933,,2.63,,,,,5573,1.15,0.95,296.1834239,47.3587776,0.298902589,-0.607894158,0.735609907
1,1,Transit,2016,5.45849832,,1.99,,,,,5894,1.14,1.15,297.6509281,47.3962246,0.314149523,-0.599613891,0.736052484
1,1,Transit,2016,13.28535633,,2.84,,,,,6388,1.45,1.28,290.957913,47.4062673,0.242077607,-0.632020973,0.736171123
1,1,Transit,2016,19.78297415,,2.08,,,,,5807,1.06,1.01,295.6848595,47.7480914,0.291428553,-0.60595353,0.74019573
1,2,Transit,2016,1.98035766,,1.86,,,,,6087,1.14,1.07,285.8884067,47.880364,0.183608687,-0.645058657,0.741746034
1,2,Transit,2016,12.8345022,,2,,,,,6087,1.14,1.07,285.8884067,47.880364,0.183608687,-0.645058657,0.741746034
1,3,Transit,2012,18.6489525,,2.89,5851,,,,5858,0.89,0.98,290.4617926,40.5624966,0.265576959,-0.711764416,0.650277091
1,3,Transit,2012,38.5583038,,3.17,5002.43,,,,5858,0.89,0.98,290.4617926,40.5624966,0.265576959,-0.711764416,0.650277091
1,3,Transit,2014,9.751962,0.091,2.12,,,,,6085,0.96,,290.4617926,40.5624966,0.265576959,-0.711764416,0.650277091
2,1,Transit,2016,39.30941904,,3.01,,,,,5697,0.89,0.97,283.3402948,48.549062,0.152741005,-0.644116211,0.749522843
1,1,Transit,2016,29.88485741,,2.78,,,,,4893,0.75,0.78,286.5246582,48.6835481,0.187784278,-0.632948675,0.75107459
1,1,Transit,2016,12.92491623,,2.57,,,,,5192,0.79,0.87,298.6609094,48.6063022,0.317142092,-0.580211299,0.750183806
1,1,Transit,2016,28.51120525,,3.38,,,,,4758,0.72,0.78,293.6856893,48.8249915,0.264476245,-0.602902806,0.752702147
1,1,Transit,2016,15.95994513,,2.24,,,,,5884,0.98,1.05,296.4185696,49.540148,0.28871883,-0.581147308,0.760860857
1,1,Transit,2016,4.90332155,,2.36,,,,,6123,1.27,1.18,296.5666587,49.6961742,0.289292189,-0.578543797,0.76262514
1,1,Transit,2016,1.8270823,,3.1,,,,,5524,0.89,0.92,297.7363605,49.637101,0.301407921,-0.57321334,0.761957828
1,1,Transit,2016,3.24755522,,1.41,,,,,5763,0.99,1.07,289.8805804,51.2769907,0.212727101,-0.588275031,0.780179254
2,1,Transit,2016,81.73778,0.4669,2.215,10.6,0.041,2.99,380,5547,0.87,0.89,297.4865503,49.6233975,0.29898995,-0.57468368,0.761802912
1,2,Transit,2016,125.63243,0.4988,8.373,308.2951,0.39,,388,5820,0.95,1.05,299.1224639,41.8667953,0.362428295,-0.650554774,0.667401091
1,2,Timing Variation,2016,1000,2.42,,762.792,0.5,,253,5820,0.95,1.05,299.1224639,41.8667953,0.362428295,-0.650554774,0.667401091
1,3,Transit,2012,8.0109434,,2.1,292.39,,,,3705,0.5,0.51,294.7739245,43.0561976,0.306185202,-0.663438278,0.682715368
1,3,Transit,2012,12.0717249,,1.23,117.59,,,,3705,0.5,0.51,294.7739245,43.0561976,0.306185202,-0.663438278,0.682715368
1,3,Transit,2014,20.995694,0.126,1.53,,,,,4252,0.55,,294.7739245,43.0561976,0.306185202,-0.663438278,0.682715368
1,1,Transit,2016,172.7049784,,2.71,,,,,5946,1.08,1.02,290.6249953,44.8737757,0.249626465,-0.663241774,0.705547289
1,1,Transit,2016,5.08005848,,3.36,,,,,6166,2.06,1.41,294.1496529,38.458207,0.320367413,-0.714528417,0.621943617
1,1,Transit,2016,13.14497566,,1.57,,,,,5526,0.9,0.93,292.2149697,38.5485469,0.295691058,-0.724028023,0.62317752
1,1,Transit,2016,13.89961966,,2.5,,,,,4671,0.67,0.7,287.2187273,38.8625366,0.230497243,-0.743755619,0.627454062
1,1,Transit,2016,21.41616926,,2.12,,,,,6206,1.22,1.16,294.0290734,39.0517893,0.31622219,-0.709277845,0.630022591
1,1,Transit,2016,13.24934059,,2.69,,,,,5882,1.07,1.04,290.5663221,40.6920756,0.266357738,-0.709899976,0.651993542
1,1,Transit,2016,4.14702026,,7,,,,,5967,1.15,1.11,283.257573,40.9904095,0.173102008,-0.73470266,0.655932692
1,1,Transit,2016,6.01038429,,4,,,,,4828,0.73,0.78,286.1185888,44.3452063,0.198542114,-0.687028631,0.698979749
1,1,Transit,2016,4.45419434,,11.99,,,,,5535,0.9,0.93,299.9059167,45.4396103,0.349832038,-0.608231205,0.712511295
1,2,Transit,2016,42.9495649,,2.57,,,,,5360,0.84,0.88,283.0228527,47.2611431,0.152928551,-0.661203017,0.734454511
1,2,Transit,2016,117.040498,,2.93,,,,,5360,0.84,0.88,283.0228527,47.2611431,0.152928551,-0.661203017,0.734454511
1,5,Transit,2012,27.9481449,,2.43,473.55,,,,4362,0.58,0.62,285.1683291,44.0264898,0.188135315,-0.693968869,0.694990872
1,5,Transit,2012,42.1516418,,2.21,352.78,,,,4362,0.58,0.62,285.1683291,44.0264898,0.188135315,-0.693968869,0.694990872
1,5,Transit,2014,2.211099,0.029,1.59,,,,,4503,0.62,,285.1683291,44.0264898,0.188135315,-0.693968869,0.694990872
1,5,Transit,2014,4.617534,0.048,1.55,,,,,4503,0.62,,285.1683291,44.0264898,0.188135315,-0.693968869,0.694990872
1,5,Transit,2014,10.198545,0.081,1.59,,,,,4503,0.62,,285.1683291,44.0264898,0.188135315,-0.693968869,0.694990872
1,1,Transit,2016,8.60010411,,4.42,,,,,5322,0.83,0.87,297.7001786,47.8637046,0.311862756,-0.594006519,0.741550994
1,1,Transit,2016,12.3764661,,2.73,,,,,4286,0.63,0.65,285.485045,48.0543774,0.178460686,-0.644161301,0.743779539
1,1,Transit,2016,5.26341577,,3.95,,,,,5863,1.04,1.03,290.7476903,48.2419838,0.235927779,-0.622796506,0.745964205
1,2,Transit,2016,4.03046804,,4.63,,,,,5266,0.85,0.92,298.5508922,48.3325405,0.317736924,-0.583961072,0.747015872
1,2,Transit,2016,328.2399546,,11.2,,,,,5266,0.85,0.92,298.5508922,48.3325405,0.317736924,-0.583961072,0.747015872
1,1,Transit,2016,1.90220856,,4.29,,,,,5447,0.92,0.93,296.4068982,51.3581938,0.27771963,-0.559293482,0.781065047
1,1,Transit,2016,16.21775407,,2.83,,,,,5894,1.04,1.03,285.516872,38.9324587,0.208102058,-0.74953462,0.62840384
1,1,Transit,2016,11.72292176,,2.24,,,,,5740,0.98,1,290.5294799,38.9427306,0.27275721,-0.728379598,0.628543289
1,1,Transit,2016,3.70598955,,2.67,,,,,6068,1.16,1.11,293.7084179,41.6151084,0.300605974,-0.684526251,0.664123377
1,1,Transit,2016,29.00790538,,2.37,,,,,5242,0.81,0.85,284.6579709,42.6526751,0.186110599,-0.711537467,0.677552417
1,1,Transit,2016,17.58752333,,3.61,,,,,5630,0.95,0.96,296.6368878,43.8027948,0.323574992,-0.645126589,0.692178379
1,3,Transit,2012,10.5016,0.1028,6.51,22.1,,,,4840,4.23,1.32,293.7583002,41.871807,0.300000058,-0.681534152,0.667466228
1,3,Transit,2012,21.40239,0.1652,9.8,181,,,,4840,4.23,1.32,293.7583002,41.871807,0.300000058,-0.681534152,0.667466228
1,3,Radial Velocity,2016,1002,2.16,,1784,0.2,,,4819.44,4.22,,293.7583002,41.871807,0.300000058,-0.681534152,0.667466228
2,1,Transit,2016,18.47764449,,1.72,,,,,3556,0.33,0.34,300.2066441,45.0182402,0.355646406,-0.61089875,0.707331854
1,2,Transit,2016,58.3620495,,6.96,,,,,5646,0.94,0.96,293.7471107,45.1071981,0.284219019,-0.646025227,0.708428511
1,2,Transit,2016,5.35016198,,2.68,,,,,5646,0.94,0.96,293.7471107,45.1071981,0.284219019,-0.646025227,0.708428511
1,1,Transit,2016,18.00931444,,5.21,,,,,5575,0.9,0.93,290.1196007,46.2737393,0.237764335,-0.649033512,0.722650414
1,1,Transit,2016,22.18432708,,3.09,,,,,5066,0.77,0.8,292.4461832,46.2897548,0.263838956,-0.638659644,0.722843596
1,1,Transit,2016,3.75083228,,4.63,,,,,5626,0.92,0.95,296.8383661,46.6263912,0.310051794,-0.612778304,0.726891076
1,1,Transit,2016,4.24374723,,3.64,,,,,5735,0.95,0.98,283.6180825,47.1967793,0.159983385,-0.660380079,0.733691671
1,1,Transit,2016,18.42794624,,2.15,,,,,5132,0.79,0.83,291.5544735,47.8144362,0.246711923,-0.624572675,0.740973819
1,1,Transit,2016,16.54297375,,2.25,,,,,5148,0.79,0.84,297.6726072,48.3023458,0.308931213,-0.589111415,0.746665417
1,1,Transit,2016,11.02347475,,2.26,,,,,3768,0.53,0.55,298.1061315,48.4016448,0.312769694,-0.585614745,0.74781715
1,1,Transit,2016,34.18890521,,3.16,,,,,5616,0.93,0.95,283.507219,48.552633,0.154605996,-0.643623062,0.7495641
1,2,Transit,2012,5.7293196,,2.19,5994.02,,,,5145,0.73,0.83,293.6413146,44.6570692,0.28524875,-0.651627409,0.702861915
1,2,Transit,2012,11.6092567,,1.55,2208.83,,,,5145,0.73,0.83,293.6413146,44.6570692,0.28524875,-0.651627409,0.702861915
1,1,Transit,2016,4.301662,,2.45,,,,,5496,0.9,0.93,290.4376111,48.7918597,0.23004328,-0.61732708,0.752321318
1,1,Transit,2016,4.79859939,,2.64,,,,,5527,0.9,0.93,286.5510448,49.418731,0.18531497,-0.623572282,0.759484016
1,1,Transit,2016,17.20523483,,2.58,,,,,5212,0.79,0.83,291.221172,50.5813487,0.229843846,-0.591923963,0.772526911
1,1,Transit,2016,22.18329658,,2.79,,,,,5746,1.02,0.99,289.5211955,51.2374057,0.20921308,-0.590105662,0.779746879
1,1,Transit,2016,7.65880414,,2.39,,,,,5612,0.91,0.95,290.2470519,52.1491051,0.212350814,-0.575693287,0.789610265
1,1,Transit,2016,9.37891944,,2.39,,,,,5710,0.95,0.97,286.9638856,37.8296147,0.230450176,-0.755471348,0.613315382
1,1,Transit,2016,29.91136794,,3.27,,,,,5672,0.97,0.99,295.1828896,38.6542028,0.332292758,-0.706705784,0.624618649
1,1,Transit,2016,25.69578251,,2.55,,,,,4984,0.73,0.78,294.7119855,39.0737317,0.324552565,-0.705239247,0.630319948
1,1,Transit,2016,1.6168837,,2,,,,,5334,0.83,0.87,288.7549882,39.563696,0.247866694,-0.729982935,0.636935646
1,1,Transit,2016,9.66857723,,2,,,,,5636,0.96,0.99,295.0020771,39.9528613,0.323992944,-0.694739354,0.642157148
1,3,Transit,2012,10.2184954,,2.78,441.77,,,,5843,1.03,0.95,296.3586251,39.1152033,0.344481169,-0.695212914,0.630881707
1,3,Transit,2012,15.5741568,,2.86,696.02,,,,5843,1.03,0.95,296.3586251,39.1152033,0.344481169,-0.695212914,0.630881707
1,3,Transit,2014,40.101371,0.236,2.94,,,,,6099,1.13,,296.3586251,39.1152033,0.344481169,-0.695212914,0.630881707
1,1,Transit,2016,8.22241966,,2.57,,,,,4298,0.64,0.67,283.4997537,40.5528053,0.177370268,-0.738814326,0.650148583
1,1,Transit,2016,40.6069821,,2.63,,,,,5772,1,1,295.4326552,40.6481874,0.325833834,-0.685196318,0.651412556
1,1,Transit,2016,18.49235668,,3.68,,,,,5564,0.91,0.93,297.503718,41.0570326,0.348227789,-0.668833388,0.656809947
1,1,Transit,2016,6.5100253,,2.28,,,,,5523,0.91,0.94,282.1113206,42.3545514,0.155048782,-0.722541397,0.673716412
1,1,Transit,2016,35.1810304,,4.21,,,,,6195,1.24,1.17,288.230615,42.4136181,0.230970051,-0.70123635,0.674477885
1,1,Transit,2016,2.75235975,,2.83,,,,,5593,0.93,0.96,286.5284924,43.8733751,0.205082758,-0.691085601,0.693066919
1,1,Transit,2016,2.10472218,,2.79,,,,,5575,0.92,0.94,293.0571982,45.5511266,0.274261647,-0.644330791,0.713875606
1,1,Transit,2016,10.94027841,,2.23,,,,,5549,0.89,0.92,288.6706571,47.3991249,0.21669045,-0.641265582,0.736086749
1,1,Transit,2016,4.22162536,,2.63,,,,,5835,1,1.01,284.2572531,47.6889081,0.165782081,-0.652422317,0.739500793
1,1,Transit,2016,16.54964934,,2.27,,,,,5296,0.83,0.88,280.6414331,47.7520581,0.124155761,-0.660777357,0.740242279
1,2,Transit,2012,11.8681707,,1.1,651.52,,,,6074,0.94,1.04,287.0394932,46.6401677,0.201188494,-0.656439258,0.727056181
1,2,Transit,2012,17.9801235,,1.98,435.41,,,,6074,0.94,1.04,287.0394932,46.6401677,0.201188494,-0.656439258,0.727056181
1,1,Transit,2016,5.85296257,,4.02,,,,,6000,1.15,1.1,296.3855467,48.2334177,0.296019893,-0.596706109,0.745864627
1,1,Transit,2016,81.1694299,,3.39,,,,,5677,0.94,0.97,286.024052,48.431729,0.18315642,-0.637731839,0.748165642
1,1,Transit,2016,2.82019241,,2.39,,,,,5913,1.04,1.04,285.7907395,48.6832431,0.179662554,-0.635305916,0.751071075
1,1,Transit,2016,21.21708973,,2.87,,,,,5967,1.1,1.08,294.9513923,48.6511709,0.278691183,-0.598981343,0.750701388
1,1,Transit,2016,13.64618192,,2.18,,,,,5485,0.87,0.91,288.9217259,49.7620237,0.209470647,-0.611057507,0.763368044
1,2,Transit,2016,25.3029092,,3.708,17.4,,,,,0.82,0.93,294.5703593,50.6730147,0.26351785,-0.576360483,0.773541813
1,2,Transit,2020,12.38602,,1.009,3.3,,,,,0.82,0.93,294.5703593,50.6730147,0.26351785,-0.576360483,0.773541813
1,1,Transit,2016,21.30022655,,3.46,,,,,6267,1.32,1.21,289.5006797,51.6857106,0.206958751,-0.584411452,0.784621775
1,1,Transit,2016,13.02365861,,2.37,,,,,5683,0.95,0.97,293.4700919,39.2528182,0.308405207,-0.710297118,0.632743418
1,2,Transit,2016,3.70175428,,1.5,,,,,5307,0.86,0.87,293.1234493,40.9348005,0.296677661,-0.694762986,0.655199786
1,2,Transit,2020,86.4945,,3.024,,,,,5245,0.9,0.9,293.1234493,40.9348005,0.296677661,-0.694762986,0.655199786
1,1,Transit,2016,15.65562652,,2.84,,,,,5127,0.79,0.83,285.9115968,41.0695091,0.2066882,-0.725027571,0.656974131
1,1,Transit,2009,3.2346996,0.04852,14.617,212.31044,,,1460,5647,1.39,1.21,296.8372475,48.2399695,0.30067637,-0.594277761,0.745940791
1,3,Transit,2012,7.1334,,1.71,4.19,,318,,5905,1.26,1.04,288.9612535,42.2650472,0.240460707,-0.699885779,0.672561183
1,3,Transit,2012,8.9187,,1.9,3.85,,236,,5905,1.26,1.04,288.9612535,42.2650472,0.240460707,-0.699885779,0.672561183
1,3,Transit,2012,11.8981,,1.99,4.16,,161,,5905,1.26,1.04,288.9612535,42.2650472,0.240460707,-0.699885779,0.672561183
1,1,Transit,2016,23.67517607,,2.9,,,,,5279,0.81,0.84,283.8330588,41.9786358,0.177740924,-0.721833232,0.668853459
1,1,Transit,2016,5.37886844,,1.9,,,,,5160,0.79,0.85,282.0046852,42.1764657,0.154138563,-0.724873456,0.671416246
1,1,Transit,2016,15.28469497,,2.09,,,,,6062,1.13,1.08,296.0318985,42.1418634,0.325416958,-0.666261949,0.670968568
1,3,Transit,2016,21.05358596,,2.65,,,,,5808,1.01,1.01,294.2809679,42.2909295,0.304188689,-0.674300381,0.672895414
1,3,Transit,2016,127.9075774,,6.5,,,,,5808,1.01,1.01,294.2809679,42.2909295,0.304188689,-0.674300381,0.672895414
1,3,Transit,2016,6.2171292,,1.32,,,,,5808,1.01,1.01,294.2809679,42.2909295,0.304188689,-0.674300381,0.672895414
1,1,Transit,2016,25.85501786,,2.59,,,,,5890,1.03,1.02,292.3159795,42.6262429,0.279388752,-0.680679374,0.67721305
1,2,Transit,2016,3.38353807,,1.44,,,,,5462,0.88,0.91,287.2954015,43.2798677,0.216437193,-0.695096308,0.68556259
1,2,Transit,2016,2.35895152,,0.86,,,,,5462,0.88,0.91,287.2954015,43.2798677,0.216437193,-0.695096308,0.68556259
1,1,Transit,2016,24.31575992,,3.31,,,,,6161,1.22,1.13,292.42737,44.3812406,0.272667272,-0.660644464,0.699429375
1,1,Transit,2016,0.6381632,,0.87,,,,,5196,0.8,0.84,291.0571451,44.632306,0.255687883,-0.664109179,0.702554414
1,1,Transit,2016,6.41251504,,3.64,,,,,5820,1.01,1,293.882901,44.6380717,0.288088116,-0.650631931,0.702626023
1,1,Transit,2016,6.52121067,,3.35,,,,,5971,1.14,1.09,292.2203009,44.6999902,0.26880224,-0.658013236,0.703394581
1,1,Transit,2013,59.87756,,2.15,,0.25,,273,4017,0.62,0.64,295.3044942,42.4753193,0.31525791,-0.66679789,0.675272556
1,2,Transit,2016,6.99692655,,4.19,,,,,5943,1.13,1.1,293.1713241,45.0655934,0.27791497,-0.64932153,0.707915828
1,2,Transit,2016,151.86392,,3.3,,,,,5943,1.13,1.1,293.1713241,45.0655934,0.27791497,-0.64932153,0.707915828
1,1,Transit,2016,2.4370333,,1.65,,,,,5761,1.01,1.01,286.0049121,45.4803043,0.193322129,-0.673976302,0.713009466
1,1,Transit,2016,3.72215641,,2.84,,,,,5693,0.96,0.98,291.3546278,45.7478551,0.254102744,-0.649908258,0.716275821
1,1,Transit,2016,15.77979614,,2.29,,,,,5723,0.96,0.98,282.7868415,46.2449846,0.153062803,-0.674425338,0.722303428
1,1,Transit,2016,14.03491514,,2.39,,,,,5268,0.81,0.85,298.3848866,46.2759867,0.328584098,-0.608086905,0.722677526
1,1,Transit,2016,10.35584657,,1.74,,,,,4655,0.69,0.73,282.4506927,46.3213671,0.148895666,-0.674370855,0.723224744
1,2,Transit,2016,9.99761851,,2.43,,,,,5753,0.97,0.98,294.989137,46.8383058,0.288978528,-0.620023335,0.729426127
1,2,Transit,2016,90.4113556,,3.41,,,,,5753,0.97,0.98,294.989137,46.8383058,0.288978528,-0.620023335,0.729426127
1,1,Transit,2016,1.68269615,,1.32,,,,,3712,0.48,0.51,283.7407247,47.5161237,0.160422737,-0.656053611,0.737467427
1,1,Transit,2016,3.59576964,,2.6,,,,,5860,1.08,1.05,286.2498525,48.0609256,0.187019272,-0.641640204,0.743855927
1,2,Transit,2016,5.4042722,,3.16,,,,,5980,1.11,1.09,290.8490899,48.4159782,0.236222269,-0.620258135,0.747983212
1,2,Transit,2016,1.20846503,,1.69,,,,,5980,1.11,1.09,290.8490899,48.4159782,0.236222269,-0.620258135,0.747983212
1,5,Transit,2013,5.714932,0.0553,1.31,9,,,750,4925,0.64,0.69,283.2125621,45.3496992,0.16062995,-0.684174516,0.711409341
1,5,Transit,2013,12.4417,0.0929,0.54,4,,,578,4925,0.64,0.69,283.2125621,45.3496992,0.16062995,-0.684174516,0.711409341
1,5,Transit,2013,18.16406,0.12,1.95,14,,,510,4925,0.64,0.69,283.2125621,45.3496992,0.16062995,-0.684174516,0.711409341
1,5,Transit,2013,122.3874,0.427,1.61,36,,,270,4925,0.64,0.69,283.2125621,45.3496992,0.16062995,-0.684174516,0.711409341
1,5,Transit,2013,267.291,0.718,1.41,35,,,208,4925,0.64,0.69,283.2125621,45.3496992,0.16062995,-0.684174516,0.711409341
1,1,Transit,2016,12.91375431,,3.32,,,,,6155,1.22,1.15,291.1593939,51.3348228,0.225518667,-0.582646252,0.780810268
1,1,Transit,2016,2.62811375,,2.3,,,,,4521,0.68,0.72,290.927245,39.9141166,0.273961269,-0.716411261,0.641638627
1,1,Transit,2016,14.28226676,,2.13,,,,,4201,0.61,0.64,284.4784454,40.9331723,0.188880482,-0.73148174,0.655178317
1,1,Transit,2016,9.07097734,,3.01,,,,,5443,0.86,0.9,296.9867284,47.4773531,0.306704312,-0.60228595,0.737010243
1,1,Transit,2016,14.58649607,,2.31,,,,,6117,1.18,1.1,295.1933631,39.5396946,0.328273228,-0.697825925,0.63661265
1,2,Transit,2016,7.75192492,,1.99,,,,,5789,0.96,1.04,292.1504723,39.6375254,0.290357079,-0.713260123,0.637928494
1,2,Transit,2016,4.1653651,,1.05,,,,,5789,0.96,1.04,292.1504723,39.6375254,0.290357079,-0.713260123,0.637928494
1,1,Transit,2016,14.48585199,,2.29,,,,,5813,1.05,1.01,288.6986828,39.7082044,0.246633412,-0.72870219,0.638877984
1,1,Transit,2016,40.6994443,,3.73,,,,,6424,1.49,1.3,292.1042198,39.7678585,0.289234404,-0.712147972,0.639678611
1,1,Transit,2016,15.4580567,,8.4,,,,,5721,1.28,1,290.4492955,39.854802,0.268207582,-0.719293639,0.640844251
1,1,Transit,2016,7.2385854,,1.38,,,,,5444,0.84,0.93,289.4179128,39.9450757,0.25488081,-0.723051691,0.642052977
1,1,Transit,2013,9.4341505,0.08,6.11,120,0.45,,,5576,0.9,0.98,289.2262876,49.5482814,0.213652094,-0.612620084,0.760952966
1,1,Transit,2016,161.4743937,,3.18,,,,,5829,1.04,1.02,293.4270647,39.9423967,0.304821773,-0.703489654,0.642017129
1,1,Transit,2016,17.97979059,,2.9,,,,,6185,1.33,1.24,296.885724,40.2281717,0.345254548,-0.68095435,0.64583316
1,1,Transit,2016,30.99660733,,2.21,,,,,5322,0.84,0.91,297.252613,40.288605,0.349295752,-0.678123633,0.646638087
1,1,Transit,2016,8.50340718,,1.63,,,,,5899,1.15,1.02,295.2173259,40.5921599,0.323527669,-0.686991985,0.650670316
1,1,Transit,2016,5.16950177,,1.89,,,,,6075,1.24,1.03,291.19509,40.7027352,0.274088175,-0.706821153,0.652134595
1,1,Transit,2016,23.44971004,,2.64,,,,,6174,1.51,1.33,289.7732613,40.8007019,0.256087807,-0.712354147,0.653429877
2,1,Transit,2016,16.08066115,,4.45,,,,,5203,0.8,0.85,293.5920614,41.0950891,0.301615244,-0.690630833,0.657310654
1,1,Transit,2016,23.20584623,,4.75,,,,,6096,2.56,1.64,292.4172566,41.4168384,0.285979842,-0.693246397,0.661532284
1,1,Transit,2016,6.07972888,,1.83,,,,,5382,0.93,0.88,284.9194213,41.6172093,0.192477005,-0.722396242,0.664150791
1,1,Transit,2016,10.21420496,,2.38,,,,,5896,1.29,1.14,292.1868271,41.726944,0.281833251,-0.691065427,0.665581396
1,1,Transit,2016,22.24813967,,2.56,,,,,5653,0.94,1.01,296.0322,42.1317392,0.325472493,-0.666366758,0.670837536
1,1,Transit,2016,9.48961571,,1.85,,,,,5713,1.13,1.02,291.8235292,42.5161945,0.274011187,-0.684261764,0.67579857
1,1,Transit,2016,4.41745855,,2.9,,,,,6570,1.66,1.4,293.8345542,42.624948,0.297335513,-0.673050222,0.67719642
1,1,Transit,2016,16.33889626,,10.16,,,,,4908,2.52,1,290.3272423,42.8982283,0.254479198,-0.686942701,0.680698217
1,1,Transit,2016,3.1739171,,3.15,,,,,6747,1.81,1.49,295.4757022,43.4931119,0.312039632,-0.654919308,0.688267366
1,1,Transit,2016,3.27582262,,2.1,,,,,6170,1.21,1.13,290.3227098,44.0358625,0.249680954,-0.674154002,0.695108483
1,1,Transit,2016,15.87364565,,1.99,,,,,5634,0.91,0.93,290.4714596,44.3870422,0.249935551,-0.669499467,0.69950174
1,2,Transit,2016,16.2254649,,1.17,,,,,6020,1.07,1.03,284.7882977,44.5916225,0.18176963,-0.688539826,0.702048937
1,2,Transit,2020,29.6663,,4.001,,,,,5906.74,1.55,1.07,284.7882977,44.5916225,0.18176963,-0.688539826,0.702048937
1,1,Transit,2016,17.4211749,,3.22,,,,,5741,0.98,1.05,283.8996207,45.0169137,0.169812183,-0.686198676,0.707315488
1,1,Transit,2016,29.90722674,,2.26,,,,,5871,0.94,0.97,285.6558336,45.0794516,0.190553827,-0.679928341,0.70808664
1,4,Transit,2012,2.15491,0.035,1.42,,,,,6211,1.41,1.25,288.6887221,41.1511076,0.241273723,-0.71327479,0.65804716
1,4,Transit,2012,5.859944,0.068,2.58,,,,,6211,1.41,1.25,288.6887221,41.1511076,0.241273723,-0.71327479,0.65804716
1,4,Transit,2012,8.13123,0.084,1.52,,,,,6211,1.41,1.25,288.6887221,41.1511076,0.241273723,-0.71327479,0.65804716
1,4,Radial Velocity,2019,258.8,,,260,0.283,,,,1.44,1.25,288.6887221,41.1511076,0.241273723,-0.71327479,0.65804716
1,1,Transit,2016,3.03214559,,2.96,,,,,5849,1.35,1.08,289.0009451,45.1542968,0.229601658,-0.666775903,0.709008444
1,1,Transit,2016,21.38521506,,2.37,,,,,5522,0.87,0.92,287.3327284,46.2034366,0.206190537,-0.660672164,0.721801742
1,1,Transit,2016,4.18200253,,2.49,,,,,5490,0.88,0.97,288.0080899,46.4736108,0.212908958,-0.65495172,0.725057253
1,2,Transit,2016,14.70748976,,1.95,,,,,5665,1.19,1.02,282.2130447,46.7177898,0.145035226,-0.67007586,0.727985663
1,2,Transit,2016,0.90037648,,0.78,,,,,5665,1.19,1.02,282.2130447,46.7177898,0.145035226,-0.67007586,0.727985663
1,1,Transit,2016,13.72465129,,2.07,,,,,5865,1.11,1.04,297.0683931,46.8342497,0.311307385,-0.609176399,0.729377699
1,1,Transit,2016,46.4063358,,2.71,,,,,6170,1.24,1.15,297.2590664,46.843165,0.313280936,-0.608036139,0.729484139
1,1,Transit,2016,1.26025909,,3.12,,,,,5281,0.82,0.86,288.3278778,47.381538,0.212921181,-0.642764926,0.735878944
1,1,Transit,2016,24.54350418,,3.52,,,,,5808,1.01,1.01,291.1973006,47.3077545,0.245173444,-0.632183214,0.735006372
1,1,Transit,2016,1.28707676,,1.63,,,,,4103,0.6,0.63,282.983621,47.5783897,0.151559772,-0.657334753,0.738200961
1,1,Transit,2016,17.671796,,2.5,,,,,4870,0.74,0.79,287.6081777,47.5096893,0.204332327,-0.64381827,0.737391575
1,1,Transit,2013,17.815815,0.1352,2.8,,,,,5962,0.97,1.04,293.9815378,46.687728,0.278808907,-0.626758502,0.727625848
1,1,Transit,2016,9.27358194,,2.57,,,,,4779,0.71,0.75,288.1382985,47.7245642,0.209417946,-0.639267676,0.739919565
1,1,Transit,2016,6.02930132,,3.07,,,,,4483,0.67,0.7,283.7107463,47.8631748,0.15901776,-0.651785759,0.74154479
1,1,Transit,2016,21.67697486,,2.18,,,,,4897,0.74,0.79,290.4650801,47.9291252,0.234273678,-0.627759503,0.742316543
1,1,Transit,2016,4.99678284,,2.6,,,,,5264,0.82,0.86,297.8082232,47.9466342,0.312481295,-0.592467388,0.742521269
1,1,Transit,2016,2.52559332,,2.66,,,,,5754,1.02,1.01,288.7549029,48.226203,0.214194212,-0.630818451,0.745780746
1,1,Transit,2016,16.01310205,,2.6,,,,,4913,0.74,0.79,297.0255947,48.4785669,0.301214199,-0.590513879,0.748707797
1,1,Transit,2016,4.49876092,,2.4,,,,,5887,1.05,1.03,298.4568899,48.7915925,0.313916416,-0.579200951,0.752318246
1,1,Transit,2016,41.43962808,,4.73,,,,,5327,0.87,0.91,295.5549918,49.0172956,0.28291061,-0.591672309,0.754907587
1,1,Transit,2016,8.35390639,,2.7,,,,,5352,0.82,0.87,285.4992845,49.2772713,0.174338225,-0.628673815,0.757875595
1,1,Transit,2016,4.12554687,,4.83,,,,,6038,1.2,1.15,291.9361615,49.2539473,0.243834117,-0.605451965,0.757609953
1,1,Transit,2013,15.7259,0.1171,2.94,,,,,5331,0.78,0.86,294.1533505,46.1663976,0.283384479,-0.631934635,0.721354181
1,1,Transit,2016,2.81650485,,13.18,,,,,5709,0.99,0.99,297.0154644,49.2252988,0.29665202,-0.5818241,0.757283498
1,1,Transit,2016,4.28095859,,2.69,,,,,5624,0.95,0.97,294.2657519,49.3140933,0.267915909,-0.594314895,0.758294713
1,1,Transit,2016,38.3774623,,2.5,,,,,5627,0.92,0.95,291.7219993,49.4808492,0.240457035,-0.60356717,0.760188849
1,1,Transit,2016,3.72873109,,6.54,,,,,5355,0.84,0.88,290.7857595,50.0540561,0.22785242,-0.600275118,0.766650545
1,1,Transit,2016,2.24338185,,1.69,,,,,4192,0.57,0.6,285.1761864,50.1496897,0.167749624,-0.618436969,0.76772116
1,1,Transit,2016,2.33743801,,2.44,,,,,4945,0.75,0.79,293.8334488,50.2303479,0.258490655,-0.58515134,0.768622463
1,1,Transit,2016,11.59822172,,3.04,,,,,3701,0.49,0.51,296.2220259,50.2873626,0.282315014,-0.573183537,0.769258647
1,1,Transit,2016,6.57531678,,5.38,,,,,5723,0.99,1,290.0980478,50.3215731,0.219398751,-0.599598568,0.76964001
1,1,Transit,2016,7.27503724,,5.14,,,,,5520,0.91,0.94,295.4552577,50.4945093,0.273422103,-0.574395271,0.771563624
1,1,Transit,2016,12.39358604,,3.01,,,,,5403,0.84,0.87,296.0213374,50.5678019,0.278650442,-0.570778483,0.772376757
2,3,Transit,2013,5.3988,,,7.65,0,,,5875.23,1.26,1.06,291.0323102,49.0402129,0.235265722,-0.611856634,0.755169848
2,3,Transit,2013,9.6051,,,2.04,0,,,5875.23,1.26,1.06,291.0323102,49.0402129,0.235265722,-0.611856634,0.755169848
2,3,Radial Velocity,2013,634.6,,,244.7291,0.112,,,5875.23,1.26,1.06,291.0323102,49.0402129,0.235265722,-0.611856634,0.755169848
1,1,Transit,2016,3.68992629,,2.42,,,,,5890,1.11,1.08,291.622381,50.6181793,0.23380004,-0.589838232,0.772934927
1,1,Transit,2016,26.39435646,,3.08,,,,,5021,0.76,0.8,289.3997364,51.2502428,0.207903635,-0.59038304,0.779887136
1,1,Transit,2016,12.61190667,,7.37,,,,,5559,0.89,0.92,289.1122204,51.7373589,0.202760117,-0.585132632,0.785180322
1,1,Transit,2016,2.53918318,,1.97,,,,,5703,0.95,0.96,291.4399598,37.9056293,0.28840872,-0.734424164,0.614362725
1,1,Transit,2016,6.77030201,,3.36,,,,,5493,0.86,0.89,290.8704935,38.2735978,0.279683674,-0.733552456,0.619417337
1,1,Transit,2016,1.6255222,,10.58,,,,,5963,1.16,1.11,293.8719143,38.4229184,0.31705498,-0.716423133,0.621461209
1,1,Transit,2016,1.59474546,,12.15,,,,,5649,0.92,0.94,285.213819,39.027466,0.203860945,-0.749618314,0.629692861
1,1,Transit,2016,20.50586978,,3.52,,,,,4841,0.73,0.77,289.3154576,39.1532911,0.256497959,-0.731810219,0.631397339
1,1,Transit,2016,3.89593684,,9.76,,,,,5715,0.96,0.98,294.6552312,39.3083446,0.322774431,-0.703208764,0.633493569
1,1,Transit,2016,22.36656079,,2.89,,,,,5518,0.88,0.91,294.7106347,39.5216975,0.3224659,-0.700748513,0.636370383
1,2,Transit,2013,13.722341,0.094,2.24,,0.16,,779,5638,0.93,0.81,293.2609013,44.8688656,0.279888058,-0.6511155,0.705486556
1,2,Transit,2013,242.4613,0.64,1.71,,0.14,,299,5638,0.93,0.81,293.2609013,44.8688656,0.279888058,-0.6511155,0.705486556
1,1,Transit,2016,7.74809437,,5.95,,,,,5913,1.16,1.11,294.4899225,39.7714758,0.318611079,-0.699454195,0.639727137
1,1,Transit,2016,8.114379,,2.09,,,,,3715,0.5,0.53,288.8117314,40.0332311,0.246898062,-0.724771824,0.643231801
1,1,Transit,2016,21.81293494,,3.11,,,,,5440,0.86,0.9,294.7768068,40.1537027,0.320313611,-0.693959782,0.644840299
2,1,Transit,2016,15.37563332,,10.18,,,,,4881,0.72,0.76,283.253527,40.3582155,0.174698824,-0.74171472,0.647564356
1,1,Transit,2016,6.36584161,,2.8,,,,,5700,0.95,0.97,291.1495269,40.4204569,0.274681892,-0.710026749,0.64839176
1,1,Transit,2016,3.04033042,,9.21,,,,,5181,0.8,0.84,299.3160934,40.8223815,0.370520503,-0.659825438,0.65371626
1,1,Transit,2016,4.19042557,,6.14,,,,,5903,1.08,1.06,293.4965906,41.1375635,0.300269685,-0.690685387,0.657869146
1,1,Transit,2016,3.70987065,,4.13,,,,,5513,0.88,0.92,283.8643937,41.3463859,0.179893381,-0.728857491,0.660609665
1,1,Transit,2016,16.32976218,,3.68,,,,,5612,0.91,0.94,288.5099994,41.3017465,0.238497554,-0.712380858,0.660024568
1,1,Transit,2016,27.80756293,,14.11,,,,,5330,0.78,0.81,296.8881532,41.3960896,0.339258372,-0.669057609,0.661260669
1,1,Transit,2009,4.8854892,0.06067,18.181,140.16303,,,1630,5933,1.97,1.36,288.5814928,41.0897335,0.240162881,-0.714392818,0.657240209
1,1,Transit,2016,80.8720639,,5.99,,,,,5692,0.96,0.98,287.154224,41.5657775,0.22067604,-0.714910568,0.663479438
1,1,Transit,2016,10.35533177,,2.84,,,,,5343,0.84,0.88,288.99418,41.6333125,0.243261743,-0.706716595,0.66436088
1,1,Transit,2016,10.52629406,,9.17,,,,,5419,0.86,0.9,293.8781041,41.6617245,0.302413111,-0.683138669,0.664731427
1,1,Transit,2016,4.58352176,,8.2,,,,,6185,1.27,1.18,299.1868586,41.742699,0.363863291,-0.65140749,0.665786593
1,1,Transit,2016,3.76182115,,2.61,,,,,5616,0.96,0.97,283.3163671,41.8370942,0.171604364,-0.7250124,0.667014964
1,1,Transit,2016,56.0560538,,2.11,,,,,3722,0.51,0.53,289.5085612,41.8120234,0.248903285,-0.702547561,0.666688892
1,1,Transit,2016,41.40831347,,13.17,,,,,5394,0.84,0.87,291.7602803,41.9440794,0.275743662,-0.690796798,0.668404979
1,1,Transit,2016,2.23749275,,1.33,,,,,5099,0.76,0.8,290.007564,42.1164698,0.25379678,-0.697014601,0.670639874
1,1,Transit,2016,3.16789194,,2.93,,,,,5692,0.96,0.97,293.8164588,42.2125159,0.299083646,-0.677586169,0.671882397
1,1,Transit,2016,16.08524954,,2.92,,,,,5071,0.77,0.8,292.105272,42.3803077,0.277974966,-0.684389128,0.674048544
1,1,Transit,2016,4.34728553,,1.88,,,,,5611,0.91,0.94,291.9641255,42.6961308,0.274894283,-0.68161566,0.678110039
1,1,Transit,2016,23.58914398,,3.41,,,,,5222,0.8,0.84,297.4600468,42.8398172,0.33812702,-0.650643299,0.679951039
1,2,Transit,2016,21.02247699,,3.41,,,,,5148,0.78,0.84,294.9096739,42.9351987,0.308362782,-0.664017155,0.681170766
1,2,Transit,2016,226.89047,,4.85,,,,,5148,0.78,0.84,294.9096739,42.9351987,0.308362782,-0.664017155,0.681170766
1,1,Transit,2016,7.411141,,2.48,,,,,5785,0.99,0.98,295.6513819,43.0297781,0.316445383,-0.658955293,0.682378371
1,1,Transit,2016,8.09888799,,9.67,,,,,5995,1.12,1.09,282.6994685,43.2727437,0.160063197,-0.71028714,0.685472065
1,1,Transit,2016,10.00652995,,3.75,,,,,5871,1.04,1.04,283.6307971,43.3793638,0.171286178,-0.706350762,0.686825776
1,2,Transit,2016,10.37168453,,2.9,,,,,5099,0.78,0.83,290.3931809,43.3638577,0.253333547,-0.681441606,0.686629049
1,2,Transit,2020,3.96999,,1.393,,,,,5012,0.74,0.83,290.3931809,43.3638577,0.253333547,-0.681441606,0.686629049
1,1,Transit,2016,4.40840023,,2.42,,,,,5485,0.85,0.88,292.9655071,43.346345,0.283743579,-0.669578435,0.686406804
1,1,Transit,2016,2.0523499,,16.56,,,,,6191,1.3,1.18,299.5618676,43.5035173,0.357852083,-0.630910897,0.688399104
1,1,Transit,2016,5.00731778,,8.52,,,,,5777,0.98,0.99,295.5360628,43.8844116,0.310695846,-0.650333654,0.693205763
1,1,Transit,2016,4.70832654,,8.41,,,,,5618,0.92,0.95,298.6356478,44.1709388,0.343740241,-0.629531949,0.696801386
1,1,Transit,2016,5.39202539,,2.64,,,,,5075,0.78,0.82,284.4305132,44.4803776,0.177805871,-0.690980243,0.700664952
1,2,Transit,2016,4.09357325,,2.63,,,,,5863,1.05,1.03,290.2632874,44.5564051,0.24678423,-0.668460489,0.701611087
1,2,Transit,2016,105.144749,,2.82,,,,,5863,1.05,1.03,290.2632874,44.5564051,0.24678423,-0.668460489,0.701611087
1,1,Transit,2016,4.08227507,,12.19,,,,,5539,0.89,0.92,284.8304434,44.6580932,0.182067464,-0.687618133,0.702874628
1,1,Transit,2016,3.31494634,,3.29,,,,,5437,0.86,0.9,293.4548441,44.7927823,0.282463067,-0.651023206,0.704544818
1,1,Transit,2016,39.64317811,,10.63,,,,,5363,0.84,0.88,283.9774949,44.8115613,0.171355906,-0.688422839,0.704777375
1,1,Transit,2016,21.80451088,,3.26,,,,,5452,0.85,0.88,291.7172776,44.8873466,0.262162485,-0.658207413,0.705715121
1,1,Transit,2016,5.15448442,,2.53,,,,,5441,0.86,0.89,294.8469333,45.0344155,0.29694459,-0.641266907,0.707531387
1,1,Transit,2016,5.74347727,,3.34,,,,,5660,0.93,0.95,291.0923621,45.1155087,0.253954713,-0.658400336,0.708530876
1,1,Transit,2016,3.16635371,,3.58,,,,,5633,0.91,0.94,286.3600604,45.4142664,0.197727382,-0.673553132,0.712200857
1,2,Transit,2016,6.49168281,0.0694,12.33,,,,1219,5620,1.41,1.05,285.5547895,45.578842,0.187692272,-0.674291925,0.714214262
1,2,Transit,2018,2.85188338,0.03997,1.569,,,,1607,5620,1.41,1.05,285.5547895,45.578842,0.187692272,-0.674291925,0.714214262
1,1,Transit,2016,3.85560355,,13.88,,,,,5849,1.06,1.03,296.3931945,45.568533,0.311194876,-0.627085024,0.714088315
1,2,Transit,2016,9.46781405,,2.18,,,,,3631,0.46,0.49,283.7317274,45.9585288,0.165018847,-0.675309128,0.718836812
1,2,Transit,2016,0.89304124,,1.27,,,,,3631,0.46,0.49,283.7317274,45.9585288,0.165018847,-0.675309128,0.718836812
1,1,Transit,2016,20.83424726,,2.82,,,,,5418,0.86,0.9,293.0181882,45.9147063,0.272046047,-0.640335088,0.718304896
1,1,Transit,2016,6.10485286,,3.56,,,,,5326,0.78,0.85,297.0456122,46.0273893,0.31570454,-0.618387549,0.719671788
1,1,Transit,2016,11.51516988,,2.95,,,,,5107,0.8,0.85,284.6888328,46.1721391,0.175595313,-0.669861409,0.721423578
1,1,Transit,2016,3.60147201,,2.93,,,,,5217,0.81,0.86,285.3913092,46.1809293,0.183765386,-0.667551508,0.721529811
1,1,Transit,2016,28.59915399,,1.96,,,,,3813,0.48,0.51,291.8629793,46.4291614,0.256668893,-0.639677929,0.724522758
1,1,Transit,2016,24.58721573,,2.5,,,,,5327,0.82,0.86,287.5696516,46.5679011,0.207530487,-0.655423313,0.726189629
1,1,Transit,2016,12.53248465,,3.32,,,,,5601,0.9,0.93,290.067994,46.5791535,0.235854504,-0.645619997,0.726324633
1,1,Transit,2013,7.340711,0.0781,10.76,200.22,0,,1078,6000,1.12,1.18,293.0925275,41.3555095,0.294407746,-0.690478821,0.6607292
1,1,Transit,2016,3.58410122,,4.57,,,,,5438,0.87,0.91,286.4822566,46.692456,0.194606473,-0.657728341,0.727682451
1,1,Transit,2016,7.03902374,,2.97,,,,,6129,1.24,1.16,289.4317294,46.6174978,0.228508793,-0.64774074,0.72678447
1,1,Transit,2016,8.36086824,,3.24,,,,,4642,0.71,0.76,283.8659676,46.7896522,0.164084232,-0.664726526,0.728844984
2,1,Transit,2016,3.17926292,,1.21,,,,,5486,0.85,0.94,295.57423,42.8064255,0.316703677,-0.661775248,0.679523585
1,1,Transit,2016,12.06222443,,1.62,,,,,5594,0.93,0.94,296.4960493,47.1827848,0.303221637,-0.608273547,0.733525685
1,1,Transit,2016,9.93143556,,2.16,,,,,5849,1.04,1.04,291.4994412,37.0592571,0.29246538,-0.742487857,0.602640675
1,1,Transit,2016,3.48159251,,1.11,,,,,5418,0.93,0.91,290.6822097,37.3551593,0.280742627,-0.74366205,0.606753931
1,1,Transit,2016,35.61760587,,5.27,,,,,5096,0.78,0.82,288.4165196,41.0298175,0.238321921,-0.715733069,0.656451701
1,1,Transit,2016,7.40742793,,2.52,,,,,5934,1.1,1.07,292.2628779,37.2369732,0.30162277,-0.736791674,0.605112993
1,1,Transit,2016,17.31716585,,3.1,,,,,5009,0.75,0.79,299.8973341,43.9040667,0.359132298,-0.62461746,0.693452969
1,1,Transit,2013,8.8849116,0.0818,11.77,3209.9,0.57,,767,5200,0.89,0.91,291.1376203,36.5773443,0.289588446,-0.749021311,0.595907381
1,2,Transit,2016,9.42887179,,3.07,,,,,6160,1.23,1.15,289.0968274,44.004364,0.235325908,-0.679702395,0.694713158
1,2,Transit,2016,4.08899022,,1.62,,,,,6160,1.23,1.15,289.0968274,44.004364,0.235325908,-0.679702395,0.694713158
1,1,Transit,2016,17.44490636,,2.46,,,,,5387,0.84,0.87,294.8438103,44.0776872,0.301831788,-0.651914247,0.695633083
1,1,Transit,2016,18.82747265,,2.81,,,,,5373,0.83,0.87,292.2681469,37.955672,0.298790572,-0.729681907,0.615051631
1,1,Transit,2016,5.74772501,,1.91,,,,,4346,0.65,0.68,291.9032411,37.9023677,0.294350668,-0.732100618,0.614317808
1,1,Transit,2016,14.5596237,,2.01,,,,,5935,1.08,1.06,293.2541121,37.8461519,0.311765922,-0.725511265,0.613543327
2,2,Transit,2016,1.26909037,,1.76,,,,,5043,0.77,0.82,296.8609348,41.0973178,0.340493861,-0.672285725,0.657339968
2,2,Transit,2016,2.85313364,,1.26,,,,,5043,0.77,0.82,296.8609348,41.0973178,0.340493861,-0.672285725,0.657339968
1,1,Transit,2016,1.22486632,,1.12,,,,,5282,0.79,0.82,290.6079736,41.201094,0.264824488,-0.70425653,0.658703827
1,1,Transit,2016,1.02267882,,1.36,,,,,6014,1.13,1.08,296.6804876,41.3865279,0.33688073,-0.67038143,0.661135472
1,4,Transit,2016,12.1097104,,2.48,,,,,6228,1.42,1.16,293.0846115,41.1354049,0.295305385,-0.69284937,0.657840771
1,4,Transit,2016,4.75793986,,1.69,,,,,6228,1.42,1.16,293.0846115,41.1354049,0.295305385,-0.69284937,0.657840771
1,4,Transit,2016,20.4966197,,2.12,,,,,6228,1.42,1.16,293.0846115,41.1354049,0.295305385,-0.69284937,0.657840771
1,4,Transit,2016,8.1934719,,1.53,,,,,6228,1.42,1.16,293.0846115,41.1354049,0.295305385,-0.69284937,0.657840771
1,1,Transit,2016,41.805985,,2.27,,,,,5860,1.04,1.04,290.1314231,41.3814345,0.258242972,-0.704484666,0.661068773
1,1,Orbital Brightness Modulation,2013,1.5449298,0.0274,15.244,638.8383,,,2140,6409,1.32,1.2,294.1921185,39.6189727,0.315667932,-0.702651494,0.6376791
1,2,Transit,2016,8.70419416,,3.06,,,,,5322,0.85,0.89,287.5931997,44.1794278,0.216766722,-0.683616791,0.696907649
1,2,Transit,2016,2.46697439,,1.48,,,,,5322,0.85,0.89,287.5931997,44.1794278,0.216766722,-0.683616791,0.696907649
1,1,Transit,2016,10.12804789,,2.03,,,,,5706,0.93,0.95,290.503599,44.1436249,0.251349714,-0.672136638,0.696459375
1,1,Transit,2016,3.7705521,,12.68,,,,,5944,1.08,1.06,291.2756631,47.3295107,0.245936552,-0.631587185,0.73526379
1,1,Transit,2016,1.19655156,,1.22,,,,,5166,0.8,0.84,292.1445534,47.1573604,0.256317502,-0.629828448,0.73322402
1,1,Transit,2016,7.33683936,,1.64,,,,,5557,0.89,0.92,297.3931183,47.1645814,0.312814913,-0.603658591,0.733309713
1,1,Transit,2016,27.6655226,,2.43,,,,,5901,1.06,1.05,283.1846044,47.1557114,0.155102579,-0.662083397,0.73320445
1,1,Transit,2016,6.10027804,,3.39,,,,,5992,1.15,1.1,293.1845144,37.9698357,0.310362256,-0.724670255,0.615246529
1,1,Transit,2016,161.5280101,,6.64,,,,,5694,0.94,0.96,291.5791562,38.0358066,0.289677982,-0.732421423,0.616153817
1,1,Transit,2016,11.3910025,,1.79,,,,,5108,0.78,0.82,294.1156858,38.3934378,0.320230812,-0.715359465,0.621058018
1,2,Transit,2016,7.42608998,,2.92,,,,,6186,1.28,1.19,292.7130925,38.3581685,0.302772263,-0.723336075,0.620575442
1,2,Transit,2016,15.9870174,,1.79,,,,,6186,1.28,1.19,292.7130925,38.3581685,0.302772263,-0.723336075,0.620575442
1,1,Transit,2013,3.57878087,0.04501,10.761,136.661,0,,1440,5520,0.99,0.95,289.6079433,44.3454347,0.239987789,-0.673668455,0.698982599
1,3,Transit,2016,18.92540274,,2.3,,,,,5598,0.92,0.94,286.4904589,38.374872,0.22253314,-0.751718945,0.620804019
1,3,Transit,2016,1.47532231,,1.2,,,,,5598,0.92,0.94,286.4904589,38.374872,0.22253314,-0.751718945,0.620804019
1,3,Transit,2016,4.15244722,,1.4,,,,,5598,0.92,0.94,286.4904589,38.374872,0.22253314,-0.751718945,0.620804019
1,1,Transit,2016,8.73485836,,1.82,,,,,5906,1.05,1.03,287.4441104,38.0884183,0.235941104,-0.750862716,0.616876792
1,1,Transit,2016,12.99207337,,1.82,,,,,5714,1.11,0.98,291.423582,38.2165603,0.286976759,-0.731392131,0.618635507
1,1,Transit,2016,3.74910006,,1.43,,,,,5850,1.01,1.04,290.8846217,38.0575539,0.280695176,-0.735660421,0.616452725
1,1,Transit,2016,11.0895723,,3.17,,,,,6403,2.42,1.57,291.0318604,38.211894,0.281987767,-0.733384058,0.618571518
1,1,Transit,2016,0.97486893,,1.19,,,,,5468,0.84,0.92,291.4332781,41.7033162,0.272820582,-0.694967632,0.665273568
1,1,Transit,2016,4.89718784,,1.28,,,,,5071,0.78,0.83,287.2726117,41.6356009,0.221912518,-0.713680454,0.664390731
1,1,Transit,2016,5.72812599,,1.47,,,,,4043,0.56,0.58,282.7241098,44.3465098,0.157511185,-0.697563469,0.698996018
1,1,Transit,2016,3.75574426,,1.68,,,,,5102,0.77,0.81,287.4774867,44.2374702,0.215173526,-0.683379425,0.697633798
2,1,Transit,2016,7.09714223,,0.92,,,,,3804,0.44,0.46,285.6285208,44.3107855,0.192771651,-0.689105937,0.698549997
2,1,Transit,2013,0.35500744,,1.121,1.96716,,,,5089,0.75,0.84,293.7419543,44.4482521,0.287422336,-0.653465854,0.700264791
1,1,Transit,2016,0.67737516,,0.89,,,,,5769,1.02,1.01,281.7663511,44.2924898,0.145963548,-0.700743726,0.698321468
1,1,Transit,2016,13.2140732,,2.89,,,,,5162,0.78,0.81,287.6535874,47.4147762,0.20521268,-0.644819239,0.736271624
1,1,Transit,2016,158.6853308,,3.21,,,,,5867,1.01,0.98,288.868246,47.75947,0.217399175,-0.636121217,0.740329248
1,2,Transit,2016,4.29264638,,0.78,,,,,5521,0.89,0.93,291.0628615,47.484789,0.242872054,-0.63063442,0.737097954
1,2,Transit,2020,7.05395,,2.332,,,,,5411.49,0.87,0.94,291.0628615,47.484789,0.242872054,-0.63063442,0.737097954
1,1,Transit,2016,31.5922646,,1.58,,,,,5674,1.32,1,295.9206663,47.4486164,0.295607107,-0.608220385,0.736671162
1,1,Transit,2016,1.97376093,,13.02,,,,,4739,0.71,0.77,292.0683108,38.8422004,0.292632962,-0.721813094,0.627177652
1,1,Transit,2016,53.5293487,,2.43,,,,,4838,0.74,0.81,293.7439223,38.9392217,0.313186128,-0.71197448,0.628495655
1,1,Transit,2016,0.9283105,,1.28,,,,,4248,0.62,0.65,291.6924773,38.5729105,0.288978315,-0.72644806,0.623510023
1,1,Transit,2016,8.39846269,,2.55,,,,,6159,1.23,1.16,290.0004154,38.5398551,0.267524916,-0.735002084,0.62305887
1,1,Transit,2016,8.63847725,,2.12,,,,,5870,1.02,1.01,295.9751549,38.9466396,0.340631998,-0.699168413,0.628596351
1,4,Transit,2012,13.4845,0.117,3.47,10.9,0.015,,,6174,1.3,1.17,300.5171067,44.3815508,0.362920463,-0.615696251,0.699433245
1,4,Transit,2012,27.4029,0.187,3.72,5.9,0.03,,,6174,1.3,1.17,300.5171067,44.3815508,0.362920463,-0.615696251,0.699433245
1,4,Transit,2014,52.0902,0.287,7.16,6,0.025,,,6174,1.3,1.17,300.5171067,44.3815508,0.362920463,-0.615696251,0.699433245
1,4,Transit,2014,81.0659,0.386,3.49,4.1,0.012,,,6174,1.3,1.17,300.5171067,44.3815508,0.362920463,-0.615696251,0.699433245
1,1,Transit,2016,13.73469807,,2.18,,,,,5208,0.8,0.84,286.9171489,38.8722123,0.226548448,-0.744857156,0.627585546
1,1,Transit,2016,14.5539759,,3.05,,,,,6383,1.47,1.3,293.5958044,39.0294267,0.310948067,-0.711874091,0.629719445
1,1,Transit,2016,11.30119217,,1.96,,,,,5971,1.12,1.09,292.0068239,38.8207001,0.29194635,-0.722344867,0.626885334
1,1,Transit,2016,4.24153639,,1.37,,,,,5745,0.97,0.98,295.2167334,38.7744269,0.332151019,-0.705322085,0.626255903
1,1,Transit,2016,11.13125132,,2.11,,,,,5839,1.38,1.19,288.1336793,38.9968923,0.241885727,-0.73857985,0.629278238
2,1,Transit,2016,29.6193421,,1.68,,,,,5631,0.96,0.94,291.0189951,38.5455728,0.280526202,-0.730072206,0.623136923
1,1,Transit,2016,6.40087618,,1.3,,,,,5475,1.09,0.93,287.3078999,39.1447097,0.230732376,-0.740436784,0.631281189
1,1,Transit,2016,27.07237711,,2.17,,,,,5680,0.95,0.96,297.2089078,41.781645,0.340956228,-0.66317544,0.666293619
1,1,Transit,2016,13.71933369,,2.39,,,,,6224,1.29,1.19,292.4782785,42.1422821,0.283492725,-0.685146542,0.670973986
1,1,Transit,2016,133.4605235,,6.88,,,,,5681,0.93,0.95,287.1748966,44.8784754,0.209243591,-0.677006734,0.705605415
1,1,Transit,2010,3.5224991,0.0474,15.872,187.5197,,,1680,6213,1.49,1.21,281.2881335,42.4510975,0.144429729,-0.723580073,0.674960688
1,6,Transit,2012,7.05246,0.0648,2.67,6.93,,,,4540,0.68,0.73,296.1125759,39.9787451,0.337268871,-0.688069114,0.642503387
1,6,Transit,2012,9.52355,0.0792,2.74,6.74,,,,4540,0.68,0.73,296.1125759,39.9787451,0.337268871,-0.688069114,0.642503387
1,6,Transit,2014,3.07222,0.0372,1.53,6.75,,,,4540,0.68,0.73,296.1125759,39.9787451,0.337268871,-0.688069114,0.642503387
1,6,Transit,2014,4.64489,0.0491,1.6,4.13,,,,4540,0.68,0.73,296.1125759,39.9787451,0.337268871,-0.688069114,0.642503387
1,6,Transit,2016,0.9867873,0.0175,1.21,,,,,4540,0.68,0.73,296.1125759,39.9787451,0.337268871,-0.688069114,0.642503387
1,6,Transit,2017,14.64558,,1.13,,,,418,4540,0.68,0.83,296.1125759,39.9787451,0.337268871,-0.688069114,0.642503387
1,1,Transit,2016,14.13176026,,2.85,,,,,5315,0.82,0.85,286.5747697,44.7951858,0.202433536,-0.680143599,0.704574587
1,1,Transit,2016,11.41928253,,2,,,,,4435,0.63,0.67,286.0751815,44.6646277,0.19693948,-0.683423777,0.702955747
1,1,Transit,2016,40.0587473,,3.54,,,,,5507,0.9,0.93,286.0157998,45.0077413,0.195066112,-0.679569055,0.707202313
1,1,Transit,2016,50.28638192,,3.79,,,,,5919,1.12,1.05,299.2216728,44.6939033,0.347041603,-0.620406657,0.703319064
1,2,Transit,2016,14.37457351,,1.94,,,,,5817,1.05,1.01,293.3722109,44.7851812,0.28156093,-0.651515696,0.704450665
1,2,Transit,2016,9.65185017,,1.14,,,,,5817,1.05,1.01,293.3722109,44.7851812,0.28156093,-0.651515696,0.704450665
1,1,Transit,2016,30.8638931,,2.89,,,,,6112,1.65,1.19,293.2300178,45.053364,0.278639579,-0.649175329,0.707765058
1,1,Transit,2016,8.09219642,,1.14,,,,,5770,1.16,0.99,296.0071956,44.8535698,0.310846415,-0.637126506,0.705297329
1,1,Transit,2016,117.9310878,,10.42,,,,,5965,1.06,1.04,289.0201356,48.1197839,0.217563139,-0.631128625,0.744542101
1,1,Transit,2016,0.63133235,,1.46,,,,,4653,0.71,0.76,291.5941514,48.4454907,0.244125941,-0.616775679,0.748324987
1,1,Transit,2016,55.63934,,3.01,,,,,5734,0.98,0.99,289.0836324,48.0180689,0.218694241,-0.632135249,0.743355807
1,3,Transit,2012,5.955,,2.42,,,,,,0.59,0.64,293.6369437,42.8248275,0.294063442,-0.671903377,0.679759181
1,3,Transit,2012,12.04,,2.37,,,,,,0.59,0.64,293.6369437,42.8248275,0.294063442,-0.671903377,0.679759181
1,3,Transit,2014,20.837846,0.128,1.21,,,,,4500,0.59,,293.6369437,42.8248275,0.294063442,-0.671903377,0.679759181
1,1,Transit,2016,4.59725385,,1.93,,,,,5803,1.04,1.03,296.6148615,48.0825642,0.299284432,-0.597270201,0.744108282
1,1,Transit,2016,23.58447697,,2.7,,,,,5747,1.24,1.01,285.4241593,47.8345586,0.178533692,-0.647096611,0.741209617
1,1,Transit,2016,10.11716531,,3.55,,,,,6761,1.71,1.45,288.8552821,48.208517,0.215373431,-0.63066005,0.745575071
1,1,Transit,2016,19.12947337,,2.14,,,,,5743,0.93,0.95,285.6626752,48.4353251,0.179117814,-0.638829138,0.748207285
1,1,Transit,2016,6.1469851,,2.12,,,,,6162,1.22,1.15,284.9105256,48.4315896,0.170728952,-0.64117253,0.748164028
1,1,Transit,2016,8.57503552,,4.11,,,,,5028,3.42,1.25,285.2211238,47.8813037,0.176080675,-0.647141483,0.741757033
1,1,Transit,2016,10.50682565,,10.24,,,,,5286,0.85,0.9,293.3628165,39.2124394,0.307251526,-0.711282487,0.632197535
1,1,Transit,2016,3.99010623,,9.03,,,,,5861,1.03,1.03,296.0818498,39.161614,0.340894052,-0.696409645,0.631509977
1,1,Transit,2016,10.03538581,,5.11,,,,,5638,0.92,0.94,296.2351072,39.3702865,0.341736632,-0.69342766,0.634329689
1,1,Transit,2016,33.1995648,,2.76,,,,,5279,0.81,0.86,295.3708312,39.1772925,0.332151794,-0.700430111,0.631722127
1,5,Transit,2012,26.44,0.1683,4.07,12.15,0.0033,,,,0.9,0.91,292.8733696,42.9661583,0.284430603,-0.674215585,0.681566268
1,5,Transit,2012,51.54,0.2626,5.34,13.9,0.007,,,,0.9,0.91,292.8733696,42.9661583,0.284430603,-0.674215585,0.681566268
1,5,Transit,2014,2.382961,0.034,1.77,,,,,5428,0.94,,292.8733696,42.9661583,0.284430603,-0.674215585,0.681566268
1,5,Transit,2014,5.902206,0.063,2.47,,,,,5428,0.94,,292.8733696,42.9661583,0.284430603,-0.674215585,0.681566268
1,5,Timing Variation,2019,75.732,0.3395,,20.9,0.0014,,,,0.9,0.91,292.8733696,42.9661583,0.284430603,-0.674215585,0.681566268
1,1,Transit,2016,127.8338098,,6.09,,,,,6260,1.36,1.23,291.0201523,39.2206091,0.277888149,-0.723163025,0.632308007
1,1,Transit,2016,1.92279873,,1.31,,,,,5191,0.8,0.84,285.6173937,39.3794684,0.208090527,-0.74442394,0.634453568
1,1,Transit,2016,3.22296927,,1.77,,,,,5928,1.08,1.06,292.2760929,39.5501136,0.292288784,-0.713521577,0.636752876
1,1,Transit,2016,4.16809082,,1.57,,,,,5643,0.96,0.98,284.5825682,39.2201737,0.195055552,-0.749764871,0.632302119
1,1,Transit,2016,4.51436633,,1.87,,,,,6035,1.22,1.15,290.477406,39.7319975,0.269040353,-0.720447066,0.639197398
1,2,Transit,2016,3.77360059,,1.53,,,,,5976,1.08,1.03,294.769825,39.3984081,0.323762619,-0.701656751,0.634709043
1,2,Transit,2016,8.1818246,,1.84,,,,,5976,1.08,1.03,294.769825,39.3984081,0.323762619,-0.701656751,0.634709043
1,1,Transit,2016,4.48758907,,1.25,,,,,6079,1.15,1.05,284.8601128,39.2405076,0.198627599,-0.748594274,0.632577023
1,1,Transit,2016,51.92927591,,5.63,,,,,5602,0.91,0.93,294.9660027,42.7085608,0.310150287,-0.666151129,0.678269469
1,1,Transit,2016,0.56785714,,1.51,,,,,5039,0.77,0.81,286.8872555,42.4712271,0.214269748,-0.705809178,0.675219875
1,1,Transit,2016,6.88337562,,2.11,,,,,5698,0.97,0.98,282.3328312,42.4638125,0.157566328,-0.720680148,0.675124415
2,3,Transit,2012,9.77,,2.83,,,,,,0.61,0.66,282.2325197,43.6655662,0.153269878,-0.706958405,0.690447795
2,3,Transit,2012,20.09,,2.36,,,,,,0.61,0.66,282.2325197,43.6655662,0.153269878,-0.706958405,0.690447795
2,3,Transit,2014,5.169796,0.051,1.94,,,,,4648,0.59,,282.2325197,43.6655662,0.153269878,-0.706958405,0.690447795
1,1,Transit,2016,11.29695137,,1.7,,,,,6037,1.11,1.07,295.054238,42.7568316,0.310933691,-0.665154809,0.678888297
1,1,Transit,2016,5.62153941,,1.27,,,,,5732,0.97,0.99,294.9855607,42.7277355,0.310281764,-0.665839435,0.678515345
1,1,Transit,2016,7.1396941,,2.06,,,,,5596,0.9,0.92,295.9261101,45.383869,0.307077147,-0.631667672,0.711828334
1,1,Transit,2016,18.7546998,,2.02,,,,,4339,0.62,0.64,290.4799052,45.6005798,0.244794875,-0.655434316,0.71447976
1,1,Transit,2016,13.32388301,,2.02,,,,,4554,0.66,0.7,287.0544674,45.1803351,0.206727005,-0.673881685,0.709328852
1,1,Transit,2016,11.41909375,,2.79,,,,,5954,1.11,1.08,283.5742181,45.7348003,0.163819313,-0.67848357,0.716116805
1,1,Transit,2016,11.36112327,,2.73,,,,,5895,1.04,1.03,287.4527659,45.7043964,0.209451866,-0.666211016,0.715746322
1,1,Transit,2016,16.56059504,,2.56,,,,,5403,0.81,0.85,285.2467607,45.95011,0.182843593,-0.67081198,0.718734658
1,1,Transit,2016,15.74957994,,2.73,,,,,5770,0.96,0.98,285.4354695,45.975959,0.184965656,-0.669893501,0.719048262
1,1,Transit,2016,37.8144514,,2.57,,,,,6058,1.31,1.22,291.074684,45.242544,0.253186048,-0.657011175,0.710093755
1,5,Transit,2012,8.726,,2.23,,,,,,1.43,1,298.2520208,40.4960842,0.359959732,-0.669860974,0.649396078
1,5,Transit,2012,12.883,,2.36,,,,,,1.43,1,298.2520208,40.4960842,0.359959732,-0.669860974,0.649396078
1,5,Transit,2014,4.224537,0.052,1.38,,,,,6031,1.17,,298.2520208,40.4960842,0.359959732,-0.669860974,0.649396078
1,5,Transit,2014,27.434389,0.181,2.6,,,,,6031,1.17,,298.2520208,40.4960842,0.359959732,-0.669860974,0.649396078
1,5,Transit,2014,44.552169,0.25,2.2,,,,,6031,1.17,,298.2520208,40.4960842,0.359959732,-0.669860974,0.649396078
1,1,Transit,2016,2.49577962,,17.07,,,,,5920,1.06,1.04,296.5073737,49.4572313,0.290110346,-0.581683854,0.75992097
1,1,Transit,2016,124.4198398,,5.23,,,,,5324,0.81,0.85,284.2513637,48.8095962,0.16212275,-0.638296176,0.752525219
1,1,Transit,2016,1.21956827,,1.6,,,,,4848,0.73,0.78,292.3285976,49.6535171,0.245962007,-0.598865764,0.762143351
1,1,Transit,2016,2.05387982,,2.59,,,,,5830,1.03,1.02,296.3219786,48.9714373,0.291073238,-0.588373619,0.754382432
1,1,Transit,2016,2.61302086,,1.68,,,,,4128,0.57,0.59,287.8578541,48.7739646,0.202096267,-0.627279318,0.75211552
1,1,Transit,2016,0.92785982,,2.04,,,,,4913,0.75,0.79,290.9576363,49.2037262,0.233696288,-0.610147683,0.757037549
1,1,Transit,2016,19.80792185,,2.48,,,,,5579,0.91,0.94,287.0570731,49.0460112,0.192260119,-0.62662138,0.755236183
1,1,Transit,2016,2.3432319,,1.18,,,,,4940,0.77,0.83,283.5048144,49.4509371,0.151815703,-0.632123913,0.759849559
1,1,Transit,2016,6.91134416,,1.7,,,,,5695,1.2,1.01,293.2882949,48.8116114,0.260357767,-0.604884094,0.752548382
1,1,Transit,2016,394.6244904,,7.14,,,,,6059,1.64,1.23,290.8517961,48.5213243,0.235761636,-0.618960735,0.749202282
1,4,Transit,2012,8.306,,1.97,,,,,,1.24,0.92,290.9734395,45.2902761,0.251812851,-0.65690494,0.710680088
1,4,Transit,2012,12.513,,2.18,,,,,,1.24,0.92,290.9734395,45.2902761,0.251812851,-0.65690494,0.710680088
1,4,Transit,2014,17.91323,0.13,1.2,,,,,5436,0.89,,290.9734395,45.2902761,0.251812851,-0.65690494,0.710680088
1,4,Transit,2014,25.216751,0.163,1.27,,,,,5436,0.89,,290.9734395,45.2902761,0.251812851,-0.65690494,0.710680088
1,1,Transit,2016,7.19303878,,1.78,,,,,5932,1.09,1.06,293.0844515,48.5753645,0.259418542,-0.608655901,0.749826656
1,1,Transit,2016,8.50699658,,1.68,,,,,5455,0.85,0.89,294.6802199,49.1401106,0.273168244,-0.594450846,0.756311643
1,1,Transit,2016,44.9309804,,2.54,,,,,6100,1.16,1.19,297.3915863,48.5606875,0.304486073,-0.587624366,0.749657145
1,1,Transit,2016,7.16892463,,1.69,,,,,6350,1.55,1.3,283.936781,49.1102748,0.157662425,-0.635335031,0.755970871
1,1,Transit,2016,2.14463285,,16.72,,,,,6179,1.27,1.17,293.351268,43.1346404,0.28924856,-0.669976818,0.683715097
1,1,Transit,2016,7.8866311,,8.35,,,,,5835,1.03,1.03,295.0949565,43.537565,0.307454092,-0.656494633,0.688830007
1,1,Transit,2016,8.02768059,,9.3,,,,,5535,0.93,0.96,289.6038379,46.3149097,0.231738056,-0.650658149,0.723146905
1,1,Transit,2016,85.35129427,,6.8,,,,,5773,0.99,0.99,294.6323978,43.4004526,0.30283032,-0.660451863,0.68709325
1,1,Transit,2016,76.13602028,,4.87,,,,,5653,0.91,0.96,288.8488552,51.2090375,0.202398912,-0.59288529,0.779436792
1,1,Transit,2016,20.38177573,,3.09,,,,,5020,0.77,0.81,286.7418337,43.1901197,0.210020546,-0.698182449,0.68442139
1,1,Transit,2016,5.10137945,,3.24,,,,,5836,1.06,1.04,295.5772681,46.2547028,0.298519892,-0.623693979,0.722420719
1,1,Transit,2016,3.94963138,,2.28,,,,,5047,0.78,0.82,292.3539624,46.2262465,0.26311522,-0.639824098,0.722077215
1,1,Transit,2016,3.14866453,,2.21,,,,,5333,0.84,0.88,297.7792466,46.4926688,0.320862057,-0.60910372,0.725286288
1,1,Transit,2016,15.59461874,,2.9,,,,,5678,0.95,0.96,297.6644677,43.2489903,0.338183057,-0.645115555,0.685170154
1,1,Transit,2016,5.83376092,,2.4,,,,,5754,1,1,285.0570943,46.3206074,0.17941087,-0.666911505,0.723215587
1,1,Transit,2016,14.16399294,,2.49,,,,,5570,0.92,0.93,297.7242257,43.5272796,0.33730352,-0.641809033,0.688699862
1,1,Transit,2016,2.61703254,,1.63,,,,,4751,0.71,0.75,290.1222112,43.085407,0.251253001,-0.685757254,0.683087782
1,1,Transit,2016,150.242127,,4.64,,,,,5541,0.91,0.92,287.2852554,51.2499499,0.185980321,-0.597655726,0.779883936
1,1,Transit,2016,5.03251791,,2.05,,,,,5614,0.89,0.93,282.3635315,46.6752384,0.146910391,-0.67022054,0.727476299
1,1,Transit,2016,40.4287755,,3.61,,,,,5664,0.95,0.97,289.4245955,50.9941198,0.209317089,-0.593574679,0.777081371
1,2,Transit,2013,114.73635,0.481,13.49,324.2,0.036,,478,5600,1.82,1.1,297.9168433,46.9651146,0.31951296,-0.603026234,0.730938321
1,2,Transit,2013,191.2318,0.676,6.14,6.4,0.039,,403,5600,1.82,1.1,297.9168433,46.9651146,0.31951296,-0.603026234,0.730938321
1,1,Transit,2016,21.3587621,,2.78,,,,,5857,1.02,1.01,295.4025625,50.4785992,0.272985611,-0.57484001,0.771386945
1,1,Transit,2016,22.0459018,,3.74,,,,,5993,1.14,1.11,294.5270634,43.3681317,0.301776464,-0.661359993,0.686683279
1,1,Transit,2016,2.57885507,,1.99,,,,,5902,1.08,1.05,295.4174725,43.6056117,0.310793239,-0.654014236,0.689690468
1,1,Transit,2016,20.5533844,,3.75,,,,,6163,1.27,1.18,296.4031319,51.2712773,0.278209434,-0.560372356,0.780116872
1,1,Transit,2016,40.0686727,,3.94,,,,,6020,1.13,1.09,294.9568477,43.0142991,0.308512306,-0.662909821,0.68218086
1,1,Transit,2016,27.5073799,,2.9,,,,,5958,1.11,1.06,297.3012497,43.1418313,0.334673857,-0.648384019,0.683806679
1,1,Transit,2016,5.14438011,,1.43,,,,,5060,0.77,0.81,283.4781717,43.3837235,0.169391803,-0.706753706,0.686881079
1,1,Transit,2016,18.45847097,,2.12,,,,,5261,0.81,0.85,289.8591023,46.5227429,0.233741923,-0.647147857,0.725647548
1,1,Transit,2016,25.9422033,,1.93,,,,,5044,0.77,0.81,285.2962562,46.6034497,0.181249031,-0.662705003,0.726616038
1,1,Transit,2016,33.3855938,,2.57,,,,,5792,1.02,1.02,295.8065515,50.9097521,0.274497143,-0.567658955,0.776153741
1,3,Radial Velocity,2020,1403,,,965.147,0.41,,,5466,0.9,0.99,291.1481028,40.669413,0.273645219,-0.707399296,0.651693586
1,1,Transit,2016,7.71468975,,2.66,,,,,6761,1.74,1.46,281.9712347,43.6727839,0.150026323,-0.707564914,0.690538916
1,1,Transit,2016,4.44448017,,1.78,,,,,5961,1.09,1.06,288.9925529,46.6706513,0.223317623,-0.648835417,0.727421364
1,1,Transit,2016,3.98953967,,1.23,,,,,5476,0.87,0.9,294.6500256,43.3356106,0.30335762,-0.661064967,0.686270547
1,1,Transit,2016,12.98495573,,1.78,,,,,6116,1.09,1.06,286.433726,50.3002266,0.180710444,-0.612669709,0.769402081
1,1,Transit,2016,5.69919514,,1.23,,,,,5715,0.94,1,292.5844328,49.9232012,0.247253144,-0.594442708,0.765182168
1,1,Transit,2016,18.11472949,,2.5,,,,,6187,1.35,1.21,288.6615682,49.7371538,0.206799929,-0.6123162,0.763087584
1,1,Transit,2016,6.24146367,,1.52,,,,,6098,1.16,1.1,286.2717162,43.5952037,0.202923968,-0.695219648,0.68955892
1,2,Transit,2016,20.42228798,,1.84,,,,,6194,1.29,1.19,290.0907893,39.8169085,0.263847192,-0.721355637,0.640336399
1,2,Transit,2016,7.63846023,,1.13,,,,,6194,1.29,1.19,290.0907893,39.8169085,0.263847192,-0.721355637,0.640336399
1,1,Transit,2016,70.6979061,,1.76,,,,,5875,0.9,0.97,295.5212866,49.7386804,0.278445149,-0.583214675,0.763104804
1,1,Transit,2016,3.744439,,1.09,,,,,5961,1.25,1.14,291.467454,50.7595597,0.231505562,-0.588691527,0.774498199
1,1,Transit,2016,52.75875577,,8.89,,,,,5954,1.13,1.09,288.435718,43.7634712,0.228389319,-0.685137298,0.691682877
1,1,Transit,2016,53.44945593,,6.41,,,,,5887,1.07,1.06,291.0837644,40.3552252,0.274132139,-0.711029874,0.647524586
1,1,Transit,2016,13.7521072,,2.81,,,,,4747,0.72,0.75,283.1296399,43.8880983,0.163709595,-0.701855143,0.693252138
1,1,Transit,2016,6.33855761,,3.03,,,,,5820,0.99,1,284.9630591,43.9130282,0.186002859,-0.695966681,0.693565653
1,1,Transit,2016,9.803224,,2.78,,,,,5603,0.85,0.87,288.7340513,46.939363,0.219289884,-0.646598426,0.730631523
1,1,Transit,2016,2.80624233,,1.54,,,,,4315,0.61,0.65,289.2906978,51.4089936,0.206065057,-0.588735834,0.781618392
1,1,Transit,2016,144.547396,,2.53,,,,,5262,0.81,0.84,282.4391402,43.7344291,0.155639454,-0.705590218,0.691316718
1,1,Transit,2016,8.0472642,,2.39,,,,,5839,1.04,1.03,290.5867992,51.6957731,0.217950762,-0.580254496,0.784730645
1,1,Transit,2016,5.8706191,,1.49,,,,,4223,0.62,0.65,286.5854116,46.8708877,0.195142516,-0.655201842,0.729815007
1,1,Transit,2016,19.17891293,,2.68,,,,,5595,0.91,0.93,297.4825612,40.6807412,0.349963917,-0.672774302,0.651843536
1,3,Transit,2010,19.23891,0.143,8.29,43.4,0.0609,,,5774,0.96,1.02,285.5739904,38.4008192,0.210405643,-0.75491124,0.621158985
1,3,Transit,2010,38.9853,0.227,8.08,29.9,0.06691,,,5774,0.96,1.02,285.5739904,38.4008192,0.210405643,-0.75491124,0.621158985
1,3,Transit,2010,1.592851,0.0273,1.64,,,,2026,5777,1.02,1.07,285.5739904,38.4008192,0.210405643,-0.75491124,0.621158985
1,8,Transit,2017,14.44912,,1.32,,,,709,6015,1.29,1.12,284.4334642,49.3051239,0.16252225,-0.631451047,0.75819265
1,1,Transit,2016,6.9913086,,2.08,,,,,4836,0.73,0.78,296.177272,46.9989635,0.300869342,-0.612060004,0.731341364
1,1,Transit,2016,3.51749439,,1.37,,,,,4184,0.57,0.59,291.1528056,40.8876814,0.272805425,-0.705056354,0.65457829
1,1,Transit,2016,40.1099547,,2.54,,,,,5647,0.93,0.95,289.7317067,46.953875,0.230452399,-0.642508033,0.730804433
1,2,Transit,2016,10.3507721,,2.01,,,,,5682,0.97,0.98,288.7710137,40.6641771,0.244088723,-0.718196704,0.65162427
1,2,Transit,2016,62.9228557,,2.53,,,,,5682,0.97,0.98,288.7710137,40.6641771,0.244088723,-0.718196704,0.65162427
1,1,Transit,2016,3.02166863,,1.77,,,,,6160,1.25,1.16,288.8229001,40.38901,0.245745893,-0.720929184,0.647973817
1,1,Transit,2016,5.08274652,,1.41,,,,,5461,0.86,0.95,290.0511468,46.7134077,0.235080496,-0.644088798,0.727933225
1,1,Transit,2016,41.6979976,,2.11,,,,,6035,1.02,1.06,291.4055614,40.1254254,0.27906684,-0.711891237,0.644463006
1,1,Transit,2016,15.86621821,,1.2,,,,,6106,1.38,1.08,285.4764959,41.6326615,0.199443698,-0.720318066,0.664352388
3,1,Transit,2016,1.34059747,,1.22,,,,,5973,1.12,1.11,295.3225434,39.3764624,0.330620118,-0.698720592,0.634413014
1,1,Transit,2016,13.93290318,,1.47,,,,,6154,1.23,1.17,289.5063796,45.3709728,0.234577622,-0.662192437,0.71167023
1,1,Transit,2013,6.24658,0.0731,15.323,257.4423,,,2040,4550,6.3,1.31,285.6729033,44.1167513,0.193943352,-0.691230158,0.696122722
1,1,Transit,2016,2.36436901,,0.82,,,,,6230,1.5,1.26,296.0472937,42.7429414,0.322487198,-0.659813891,0.678710275
1,1,Transit,2016,20.310501,,2.6,,,,,6112,1.99,1.34,298.5891948,40.7506921,0.362510976,-0.665190613,0.652768903
1,1,Transit,2016,2.53475627,,2.8,,,,,5998,1.11,1.07,298.1111779,41.758324,0.351484688,-0.657963351,0.665990047
1,1,Transit,2016,10.29672521,,2.06,,,,,4687,0.61,0.63,297.5830564,41.9523531,0.344358815,-0.659172364,0.668512379
1,1,Transit,2016,4.40966548,,1.38,,,,,5877,1.15,1.1,290.4120774,44.8993227,0.247050319,-0.663869932,0.705863197
1,1,Transit,2016,4.59489604,,1.5,,,,,6173,1.38,1.21,290.5921293,45.7372184,0.245478212,-0.653356701,0.716146262
1,1,Transit,2016,32.2968798,,1.76,,,,,5248,0.81,0.85,290.9833818,45.9733334,0.24887505,-0.648904157,0.719016415
1,1,Transit,2016,2.97041437,,1.91,,,,,5418,0.76,0.8,299.0512562,47.9492677,0.325243769,-0.585519373,0.742552055
1,1,Transit,2016,4.85386933,,1.74,,,,,6028,1.14,1.11,298.2007268,48.2677925,0.314560837,-0.586635613,0.74626412
1,1,Transit,2016,11.04603384,,2.25,,,,,6113,1.21,1.15,298.1147862,48.4943834,0.312287346,-0.584499136,0.748890762
1,3,Transit,2013,13.749,,3.51,64.3,,,,,1.7,1.21,289.0860607,41.5630224,0.244661057,-0.707095285,0.66344346
1,3,Transit,2013,26.723,,2.6,6.1,,,,,1.7,1.21,289.0860607,41.5630224,0.244661057,-0.707095285,0.66344346
1,3,Transit,2015,49.3568,,2.067,,0.07,,,5904.34,1.82,1.07,289.0860607,41.5630224,0.244661057,-0.707095285,0.66344346
1,2,Transit,2016,6.53192704,,2.42,,,,,5403,0.85,0.89,284.2969363,49.1585983,0.161495425,-0.633713369,0.756522699
1,2,Transit,2016,100.8274113,,3.8,,,,,5403,0.85,0.89,284.2969363,49.1585983,0.161495425,-0.633713369,0.756522699
1,1,Transit,2016,51.300634,,2.87,,,,,5663,0.91,0.93,284.6162253,49.1907438,0.164917227,-0.63239277,0.756889485
1,1,Transit,2016,0.93846683,,1.42,,,,,5671,0.93,0.95,284.7316084,49.533149,0.16503723,-0.627673559,0.760781582
1,1,Transit,2016,6.93366476,,1.38,,,,,5988,1.26,1.11,294.1710831,40.0551372,0.313413152,-0.698318279,0.643524496
1,1,Transit,2016,61.0370117,,3.07,,,,,6167,1.23,1.14,290.6685136,40.3977086,0.268802262,-0.712548536,0.648089445
1,1,Transit,2016,33.8678531,,2.34,,,,,4673,0.72,0.77,290.1065581,40.4906242,0.261439146,-0.714162744,0.649323608
1,1,Transit,2016,52.0688601,,2.31,,,,,5806,1.01,1.01,289.6793396,40.7004265,0.255304462,-0.713848684,0.652104047
1,1,Transit,2016,9.1149903,,1.72,,,,,5743,0.99,0.99,289.3834807,41.3926651,0.248981837,-0.707673419,0.661215832
1,1,Transit,2016,3.9324613,,1.59,,,,,4700,0.7,0.73,289.920676,41.5427758,0.255014704,-0.703676837,0.663179018
1,1,Transit,2016,0.92103214,,1.11,,,,,5869,1.02,1.01,298.4811022,41.6152603,0.356517296,-0.657139958,0.664125359
1,2,Transit,2014,4.72674,,1.569,4.54426,0,,,5669,0.98,1.09,291.4181275,38.6723124,0.285101116,-0.726815331,0.624865448
1,2,Radial Velocity,2014,1460,,,954,,,,5669,0.92,0.91,291.4181275,38.6723124,0.285101116,-0.726815331,0.624865448
1,1,Transit,2016,71.4517775,,2.13,,,,,6335,1.4,1.25,298.3144494,42.2473698,0.351107678,-0.651683949,0.672332827
1,1,Transit,2016,8.03755877,,1.33,,,,,5241,0.81,0.86,297.1326937,42.7682885,0.334791007,-0.653319456,0.679035103
1,1,Transit,2016,1.9214374,,1.37,,,,,5331,0.84,0.87,296.9520797,43.2720233,0.330011201,-0.649024811,0.68546291
1,1,Transit,2016,14.20443009,,2.46,,,,,5346,0.84,0.87,289.5685257,43.5385438,0.242797401,-0.683041421,0.688842391
1,1,Transit,2016,55.6738309,,2.09,,,,,5001,0.77,0.81,290.2884494,43.7552623,0.250455203,-0.677488102,0.691579398
1,1,Transit,2016,4.88083852,,1.35,,,,,4830,0.73,0.78,295.0217193,46.6192011,0.290508758,-0.622381969,0.726804889
1,1,Transit,2016,10.56134221,,1.45,,,,,5482,0.89,0.92,293.5777958,46.7362953,0.274138681,-0.628142072,0.728207059
1,2,Transit,2016,67.668827,,3.72,,,,,6095,1.22,1.15,294.1688142,46.7146161,0.280716194,-0.625532242,0.727947686
1,2,Transit,2016,153.343364,,2.67,,,,,6095,1.22,1.15,294.1688142,46.7146161,0.280716194,-0.625532242,0.727947686
1,1,Transit,2016,52.6298417,,2.22,,,,,5533,0.89,0.92,294.7890593,46.9839352,0.286033375,-0.619343506,0.731162452
1,1,Transit,2016,14.878296,,1.75,,,,,5471,0.85,0.88,293.8656181,47.0268148,0.275793174,-0.62337231,0.731672801
1,2,Transit,2014,2.50806,,3.51,10.84,,,,4781,0.76,0.81,281.1947316,47.4972606,0.131168731,-0.662770339,0.737245035
1,2,Radial Velocity,2014,820.3,,,3126,,,,4781,0.76,0.81,281.1947316,47.4972606,0.131168731,-0.662770339,0.737245035
1,1,Transit,2016,59.6225257,,3.34,,,,,5769,0.96,0.97,294.2413053,47.2759642,0.278565685,-0.618643568,0.73463004
1,1,Transit,2016,17.42395198,,3.08,,,,,5539,0.86,0.89,294.3262617,47.2175461,0.279791084,-0.618912036,0.7339379
1,1,Transit,2016,44.96417488,,2.13,,,,,4861,0.75,0.81,294.9550809,44.1499518,0.30272685,-0.650530873,0.696538611
1,1,Transit,2016,49.7701438,,5.93,,,,,5612,0.91,0.93,284.2739322,41.5349809,0.184561331,-0.725441769,0.663077186
1,1,Transit,2016,43.3167737,,2.63,,,,,5409,0.83,0.86,293.6012911,42.379791,0.295750333,-0.676904189,0.674041882
1,1,Transit,2016,31.0033814,,2.63,,,,,5718,0.97,0.97,291.2697354,42.0960305,0.269175296,-0.691477935,0.670375213
1,1,Transit,2016,11.79162572,,1.93,,,,,5665,0.93,0.94,300.9295551,44.028671,0.369550294,-0.616751345,0.695018244
1,1,Transit,2016,26.9644317,,2.28,,,,,5508,0.87,0.9,294.3667312,42.2526408,0.305383131,-0.674253766,0.672400924
1,1,Transit,2016,7.76846622,,1.85,,,,,5679,0.94,0.96,293.3002774,41.5233244,0.296142675,-0.687626435,0.662924884
1,1,Transit,2016,8.6893073,,2.91,,,,,5403,0.86,0.89,298.6079128,46.45366,0.329873991,-0.604832938,0.724817403
1,1,Transit,2014,11.5231,,3.42,13,,,,5699,1.41,1.08,284.4824281,44.397891,0.178683964,-0.691794805,0.699637041
1,1,Transit,2016,98.7180406,,8.98,,,,,5857,1.02,1.02,287.9565768,41.1302834,0.23221352,-0.716527023,0.657773446
2,1,Transit,2016,71.52530845,,5.59,,,,,4834,0.73,0.77,287.7375794,38.1146488,0.239697847,-0.749375317,0.61723705
1,1,Transit,2016,130.3546919,,7.65,,,,,5730,0.99,1,285.3718781,41.9938697,0.197013954,-0.716628314,0.669051091
1,2,Transit,2016,88.40655258,,4.21,,,,,5416,0.99,0.95,288.9716297,44.6246451,0.231381413,-0.673062875,0.702459258
1,2,Transit,2016,9.10967112,,1.19,,,,,5416,0.99,0.95,288.9716297,44.6246451,0.231381413,-0.673062875,0.702459258
1,1,Transit,2016,16.78176602,,2.32,,,,,4990,0.76,0.82,295.8594318,47.9396001,0.292192714,-0.602833064,0.742439031
1,1,Transit,2016,14.53244172,,3.13,,,,,5350,0.84,0.89,288.4714969,40.2698157,0.241746306,-0.7236998,0.646387904
1,1,Transit,2016,5.24867263,,3,,,,,6040,1.15,1.1,292.5308289,49.0616555,0.251077677,-0.605233833,0.755415123
1,1,Transit,2016,5.90741354,,5.5,,,,,4963,0.75,0.81,290.1563633,48.818971,0.226887555,-0.6181146,0.752632964
1,1,Transit,2016,9.7678805,,2.06,,,,,5421,0.86,0.91,287.2566578,46.0667247,0.205823524,-0.662588199,0.720148288
1,1,Transit,2016,14.80074836,,4.38,,,,,7005,2.01,1.6,292.171185,40.8113849,0.285622084,-0.700902961,0.653571009
1,1,Transit,2014,16.2385,,2.67,8.46,,,,5690,1.02,1,297.0698263,40.5252039,0.345912486,-0.676851002,0.649782481
1,1,Transit,2016,3.12686223,,2.29,,,,,4755,0.72,0.77,281.4572217,46.7465538,0.136110879,-0.671572479,0.728329756
1,1,Transit,2016,16.87727414,,2.55,,,,,5582,0.9,0.96,282.0354942,43.6312491,0.150924132,-0.707885604,0.690014404
1,1,Transit,2016,12.05707239,,1.97,,,,,5478,0.86,0.93,295.3131906,46.2375024,0.295734826,-0.625259256,0.722213109
1,1,Transit,2016,9.97683705,,2.66,,,,,5461,0.87,0.91,296.7529742,45.0411049,0.318072001,-0.630961795,0.707613889
1,1,Transit,2016,13.5225106,,2.12,,,,,5427,0.84,0.93,295.300065,40.5565792,0.324692014,-0.686889249,0.650198627
1,1,Transit,2016,134.2527298,,3.38,,,,,5886,1.15,1.05,298.5153169,41.8912305,0.35537842,-0.654108566,0.667718626
1,1,Transit,2016,99.747622,,4.13,,,,,5840,1.02,1.02,297.270576,50.1218365,0.293773838,-0.569894282,0.767409565
1,2,Transit,2016,13.22713379,,2.35,,,,,5178,0.8,0.84,286.5580128,38.4052418,0.223325482,-0.751140528,0.621219475
1,2,Transit,2016,198.7112502,,3.65,,,,,5178,0.8,0.84,286.5580128,38.4052418,0.223325482,-0.751140528,0.621219475
1,2,Transit,2016,3.69298373,,2,,,,,4598,0.7,0.76,285.6025889,50.1120401,0.172483072,-0.617657194,0.767299929
1,2,Transit,2016,5.70940492,,1.69,,,,,4598,0.7,0.76,285.6025889,50.1120401,0.172483072,-0.617657194,0.767299929
1,2,Transit,2016,34.1731714,,2.07,,,,,5214,0.82,0.92,288.3724989,47.9335642,0.211177113,-0.63584063,0.742368453
1,2,Transit,2016,1.6829346,,0.99,,,,,5214,0.82,0.92,288.3724989,47.9335642,0.211177113,-0.63584063,0.742368453
1,2,Transit,2014,2.58664,,1.48,3.51,,,,5779,0.98,0.94,287.3265292,48.6733443,0.196663731,-0.630386359,0.750957
1,2,Radial Velocity,2014,789,,,344,,,,5779,0.98,0.94,287.3265292,48.6733443,0.196663731,-0.630386359,0.750957
2,1,Transit,2016,16.73652231,,2.77,,,,,4511,0.67,0.7,289.6252192,40.7087351,0.254598299,-0.714000443,0.652213979
1,1,Transit,2016,9.59070716,,2.13,,,,,5431,0.85,0.88,284.0945699,41.1828131,0.183278514,-0.729955137,0.65846373
1,1,Transit,2016,7.03932553,,4.65,,,,,6146,1.22,1.15,295.828679,43.4254371,0.316422351,-0.653715816,0.687410014
1,1,Transit,2016,49.6077331,,1.96,,,,,5213,0.78,0.86,290.1653203,49.9238126,0.221939185,-0.604341571,0.765189038
1,1,Transit,2016,4.19449651,,1.57,,,,,3687,0.5,0.52,285.0131082,40.2209547,0.197792579,-0.73749701,0.645736987
1,1,Transit,2016,1.97034246,,1.48,,,,,4897,0.75,0.8,290.54851,38.4952415,0.274713842,-0.732863393,0.622449638
1,1,Transit,2016,105.9564148,,3.96,,,,,5232,0.83,0.87,289.8696232,46.7296855,0.232968428,-0.644635822,0.728127989
1,1,Transit,2016,26.85328322,,2.62,,,,,5315,0.83,0.87,291.5161959,42.2480736,0.271493811,-0.688656267,0.672341919
1,1,Transit,2016,49.6221509,,2.99,,,,,6002,1.09,1.07,286.7107166,43.0433585,0.210144739,-0.6999732,0.682551616
1,1,Transit,2016,8.0880135,,2.72,,,,,5310,0.83,0.87,300.3712023,46.4081872,0.348619448,-0.594892321,0.724270396
1,1,Transit,2014,1.54168,,1.99,3.55,,,,5539,1.11,0.99,285.6616933,37.9645672,0.212831565,-0.7591203,0.615174037
1,1,Transit,2016,11.55102504,,2.67,,,,,5935,1.06,1.05,294.6129869,45.060174,0.294191235,-0.642184774,0.707849019
1,1,Transit,2016,4.46975774,,2.31,,,,,5718,0.96,0.98,289.2489051,47.6501141,0.222086005,-0.635995699,0.739044841
1,1,Transit,2016,15.7738221,,2.25,,,,,6139,1.29,1.16,288.4176803,46.5904531,0.217117929,-0.652008757,0.726460175
1,1,Transit,2016,60.0855082,,2.36,,,,,6052,1.08,1.13,285.1042243,45.0080745,0.184228869,-0.682582447,0.707206424
1,1,Transit,2016,43.0342272,,2.12,,,,,5610,0.93,0.96,296.9588566,46.3940661,0.312673407,-0.61474702,0.724100436
1,1,Transit,2016,116.331901,,2.98,,,,,5434,0.85,0.91,290.144339,44.0498808,0.247522423,-0.674768345,0.695284353
1,1,Transit,2016,56.4349938,,2.36,,,,,5642,0.98,0.96,293.0940391,42.8964457,0.287350229,-0.673877446,0.680675425
1,1,Transit,2016,105.3033148,,3.26,,,,,5637,0.91,0.97,289.4110582,46.1308443,0.230318413,-0.653621907,0.720924289
1,1,Transit,2016,17.76080053,,2.07,,,,,4005,0.53,0.55,290.7082585,42.2372245,0.261801297,-0.692535126,0.672201741
1,1,Transit,2016,7.96431535,,2.21,,,,,5074,0.78,0.82,281.5827983,47.2334674,0.136334743,-0.665184903,0.734126612
2,1,Transit,2014,4.60358,,1.48,6.15,,,,4782,0.73,0.79,297.3539994,41.3000452,0.345195746,-0.667260753,0.660002261
1,2,Transit,2016,9.91723428,,2.6,,,,,5948,1.08,1.05,297.9381813,46.8813194,0.32023802,-0.603850966,0.729939465
1,2,Transit,2016,0.53835431,,1.53,,,,,5948,1.08,1.05,297.9381813,46.8813194,0.32023802,-0.603850966,0.729939465
1,1,Transit,2016,82.5342519,,2.54,,,,,4392,0.61,0.64,297.0905543,49.6264867,0.294992247,-0.576699819,0.761837839
1,1,Transit,2016,20.16034462,,1.62,,,,,4944,0.74,0.8,284.4304085,47.6416613,0.167904935,-0.652508664,0.738945449
1,1,Transit,2016,22.08557563,,2.97,,,,,3843,0.54,0.57,292.6141076,44.3946644,0.274755965,-0.659600995,0.699596803
1,1,Transit,2016,1.15116651,,1.6,,,,,3934,0.54,0.56,289.0720752,47.406918,0.221145129,-0.639637079,0.736178809
1,1,Transit,2016,28.26731672,,2.7,,,,,5206,0.8,0.83,284.6157154,39.130998,0.19573737,-0.750603267,0.63109557
1,1,Transit,2016,3.77059058,,1.98,,,,,6014,1.14,1.09,291.9127633,41.5335891,0.279361108,-0.694485515,0.663059002
1,1,Transit,2016,2.70730672,,1.36,,,,,6150,1.56,1.22,289.2333767,49.9388952,0.212013991,-0.60768121,0.765358488
1,1,Transit,2016,5.65377733,,2.32,,,,,6058,1.18,1.12,296.7541629,49.2087085,0.294094191,-0.583366724,0.757094362
1,1,Transit,2016,5.99185702,,2.34,,,,,6237,1.65,1.29,299.6604865,46.1984679,0.34252318,-0.601470499,0.72174172
1,1,Transit,2020,1.4015,0.02091,1.39,4.6,0.21,,965,3800,0.6,0.62,350.0285917,-60.0657292,0.491468329,-0.086406271,-0.866598429
1,3,Transit,2019,2.2531,0.02282,0.8,1.01,0.12,,610,3412,0.31,0.31,124.5328604,-68.3144658,-0.20946861,0.304404565,-0.929225894
1,3,Transit,2019,3.6904,0.0317,1.35,2.42,0.07,,517,3412,0.31,0.31,124.5328604,-68.3144658,-0.20946861,0.304404565,-0.929225894
1,3,Transit,2019,7.4512,0.0506,1.57,2.31,0.09,,409,3412,0.31,0.31,124.5328604,-68.3144658,-0.20946861,0.304404565,-0.929225894
1,2,Transit,2017,24.736959,0.0936,1.727,6.98,0.06,0.5,235,3216,0.21,0.18,11.248632,-15.2741085,0.946145066,0.188176471,-0.263437147
1,2,Transit,2018,3.777931,0.02675,1.282,1.81,0.31,6.16,438,3216,0.21,0.18,11.248632,-15.2741085,0.946145066,0.188176471,-0.263437147
1,1,Transit,2021,1.9495378,0.01848,1.242,2.33,,,595,3381,0.25,0.24,44.3388743,76.5514045,0.166340475,0.162545352,0.972578971
1,1,Transit,2020,3.81433,0.0404,1.088,8.7,0,,617,3643,0.5,0.5,91.0899861,-55.3115376,-0.010826083,0.569010977,-0.82225866
1,1,Transit,2019,0.46292913,0.00622,1.303,,,70.1,805,3036,0.19,0.15,340.4962038,-69.1721081,0.335159628,-0.118711241,-0.934652698
1,1,Transit,2020,4.052037,0.0417,4.7,30.8,0.04,,700,3950,0.58,0.59,64.1902212,-12.0848643,0.425736007,0.880293778,-0.209360257
1,2,Transit,2019,0.948005,0.00969,1.12,,0,21.5,650,2960,0.17,0.14,165.6904843,-16.4064445,-0.929520189,0.237096137,-0.282449357
1,2,Transit,2019,4.989963,0.029392,2.31,,0,2.35,370,2960,0.17,0.14,165.6904843,-16.4064445,-0.929520189,0.237096137,-0.282449357
1,1,Radial Velocity,2019,14.4399,0.0876,,13.3,0.183,,,3475,0.43,0.43,319.1147513,2.5807711,0.755255208,-0.653882309,0.045027723
3,1,Transit,2019,5.35882,0.03807,1.38,2.2,0.19,,433,3337,0.28,0.26,45.4624781,-16.5944956,0.6721639,0.683103539,-0.2855963
2,2,Transit,2020,0.768448,0.01211,1.332,2.62,0,106,892,3331,0.37,0.4,154.6449033,-11.717801,-0.884838452,0.419302694,-0.203091516
2,2,Transit,2020,12.2519,0.07673,2.3,8.6,0.06,2.63,353,3331,0.37,0.4,154.6449033,-11.717801,-0.884838452,0.419302694,-0.203091516
1,1,Transit,2020,0.792052,0.01679,4.72,29.32,0,,1978,5443,0.95,0.77,358.6688767,-37.6282237,0.791775264,-0.018398217,-0.610535369
1,2,Imaging,2015,,14.7,,,,,,4194,1.61,,69.8241791,22.3508662,0.318990478,0.868121062,0.380277395
1,2,Imaging,2015,,18.6,,,,,,4194,1.61,,69.8241791,22.3508662,0.318990478,0.868121062,0.380277395
1,1,Transit,2007,3.91405,0.0464,9.976,257.431,0,,,5000,0.82,0.87,232.5774696,-42.9799461,-0.44458003,-0.581012891,-0.68174234
1,1,Transit,2017,2.14878,0.043,16.814,1175.971,0,,2570,7554,2.1,1.72,317.5515264,10.7388967,0.724961677,-0.663106582,0.186333644
2,1,Transit,2020,2.82406,0.047,17.15,985.273,0,,2100,7800,1.92,1.75,147.5800667,-66.1139253,-0.34180923,0.217085579,-0.914352395
1,1,Microlensing,2008,,0.62,,3.3,,,,,,0.06,272.015825,-27.150075,0.031299687,-0.889263669,-0.456322756
1,1,Microlensing,2008,,6.5,,260,,,103,,,0.3,272.424917,-29.2241528,0.036924761,-0.871934848,-0.488227592
1,1,Microlensing,2009,,1.1,,23.4,,,,,,0.21,268.560542,-34.7780528,-0.020633283,-0.82110856,-0.570398984
1,1,Microlensing,2013,,2.7,,1300,,,,,,0.56,269.706,-30.1969306,-0.004434944,-0.86429037,-0.502973646
1,1,Microlensing,2011,2774,3.2,,10.4,,,,,,0.56,267.008125,-35.0054111,-0.042752274,-0.817981397,-0.573653796
1,1,Microlensing,2010,,2.03,,67.3,,,,,,0.52,271.742208,-26.8196917,0.027132199,-0.892018266,-0.451184282
1,1,Microlensing,2010,1982,1.8,,830,,,,,,0.19,268.461625,-33.9903333,-0.022259276,-0.82883306,-0.559053024
1,1,Microlensing,2012,,1.21,,3500,,,,,,0.16,272.547258,-26.5229319,0.039765981,-0.893871601,-0.446555963
1,1,Microlensing,2018,,2.42,,170,,,,,,0.58,271.95697,-25.3446388,0.030862072,-0.903222216,-0.428062099
1,1,Microlensing,2013,,0.92,,9.2,,,,,,0.11,269.496333,-30.715175,-0.007557372,-0.859683805,-0.510770635
1,1,Microlensing,2015,,1.72,,86,,,,,,0.18,271.303917,-27.2932333,0.020222322,-0.888441277,-0.458544605
1,1,Microlensing,2012,,2,,480,,,,5950,,0.67,271.531006,-31.4544773,0.022791852,-0.852750502,-0.521820959
1,1,Microlensing,2016,,4.14,,30,,,,,,0.75,270.854,-29.2134167,0.013008816,-0.872710863,-0.488064054
1,1,Microlensing,2014,,0.95,,17,,,,,,0.11,270.097833,-31.2452583,0.001459841,-0.854953554,-0.518702505
1,1,Microlensing,2018,,0.69,,18,,,,,,0.15,268.867889,-29.1706657,-0.017251934,-0.873001291,-0.487412676
1,1,Microlensing,2012,,1.1,,1500,,,,,,0.86,268.913958,-28.4768472,-0.016660642,-0.878851951,-0.476803598
1,1,Microlensing,2013,,4.3,,3690,,,,,,0.39,271.223333,-27.2209444,0.018985085,-0.889046538,-0.457423022
1,1,Microlensing,2017,,10.2,,2700,,,,,,0.49,270.442963,-29.108778,0.006754632,-0.873671593,-0.486469241
1,1,Microlensing,2017,,0.9,,6.7,,,,,,0.1,268.143097,-32.0400925,-0.027467618,-0.847231941,-0.530512553
1,1,Microlensing,2014,,3.03,,871,,,,,,0.88,270.985417,-29.5447222,0.014961696,-0.869842405,-0.493102766
1,1,Microlensing,2016,,0.93,,3.24,,,,,,0.02,272.019257,-29.7315826,0.030596941,-0.867819061,-0.495937401
1,1,Microlensing,2018,,0.24,,33.7,,,,,,0.01,271.9487,-28.1702785,0.029976768,-0.881038641,-0.472093536
1,1,Microlensing,2017,,1.39,,890,,,,,,0.29,271.473755,-27.7142868,0.022768493,-0.884984849,-0.465062806
1,1,Microlensing,2018,,0.95,,200,,,,,,0.15,268.742218,-29.7504635,-0.019057461,-0.867985613,-0.496223527
1,1,Microlensing,2012,,8.3,,1200,,,,,,0.75,261.7925,-29.7939722,-0.123888352,-0.858929155,-0.496882665
1,1,Microlensing,2019,,0.48,,190,,,,,,0.03,269.3759583,-29.7365639,-0.009457139,-0.868263653,-0.496012894
2,1,Timing Variation,2017,760,1.613,,7532.571,,,,,,,255.5272522,-29.9455833,-0.216555206,-0.83900292,-0.499177266
1,1,Radial Velocity,2014,121.71,0.53,,2126.2827,0.35,,,4284,39.59,9.06,132.4866957,11.6924845,-0.661403643,0.722131991,0.202658849
1,1,Radial Velocity,2017,511.21,,,692.8694,0.16,,,4200,,1.37,132.8228085,11.7562959,-0.665474631,0.718073621,0.203749332
1,1,Radial Velocity,2014,6.959,,,101.7056,0.3,,,5780,,1.01,132.7533077,11.8146537,-0.664461883,0.71872757,0.204746396
1,1,Radial Velocity,2014,5.118,,,127.132,0.28,,,5725,,0.96,132.7531307,11.8865128,-0.664284822,0.718540501,0.205973843
1,1,Radial Velocity,2016,4.087,,,146.2018,0.15,,,6165,,1.14,132.8293081,11.6710271,-0.665761484,0.71821971,0.202292103
1,1,Transit,2017,2.647298,0.0326,14.908,258.07796,0.016,65.3,790,3916,0.57,0.62,82.7142134,-36.6309812,0.101771244,0.796015567,-0.59665889
1,1,Transit,2020,0.7668944,0.0143,13.507,687.14846,0,,1332,4600,0.7,0.7,91.8722801,-25.5948963,-0.029465602,0.901389538,-0.432005415
1,1,Transit,2020,35.45533,0.201,9.158,109.33352,0.13,,435,5050,0.83,0.86,23.5214497,-14.4191493,0.888028034,0.386520946,-0.249013592
1,1,Transit,2020,7.532806,0.0757,11.747,66.10864,0,416,1257,5690,1.59,1.02,176.2499418,-35.640563,-0.810948356,0.053153191,-0.582698465
1,1,Transit,2021,4.119027,0.0549,12.801,1538.2972,0.086,1096,1605,5819,1.79,1.3,176.2402326,-38.1397158,-0.784814369,0.051573818,-0.617581208
2,1,Transit,2021,3.5357173,0.0403,4.977,29.24036,0,,1143,5187,0.84,0.9,328.5174799,-38.3774193,0.668542124,-0.409402641,-0.620838873
1,1,Transit,2021,3.27623,0.0441,12.33,238.68913,0,425,1146,5600,0.95,0.99,73.3553101,-32.8003484,0.240767389,0.805343245,-0.541713322
1,1,Transit,2021,4.84532,0.0523,14.572,211.99155,0,480,1177,5550,1.21,1,58.2639299,-30.8046405,0.451797247,0.730493056,-0.512112432
1,1,Transit,2021,3.24253,0.0391,13.899,242.8209,0,1160,1457,5650,1.34,1.02,72.9005729,-34.2262128,0.2431115,0.790274399,-0.562461708
1,1,Transit,2021,3.05125,0.0448,13.563,129.99182,0,845,1381,5610,1.39,1,180.5462193,-35.5486091,-0.813585591,-0.007756411,-0.581393433
1,1,Transit,2018,4.511164,0.063,17.878,235.1942,0,,1468,6478,1.7,1.64,215.1227617,-31.2020698,-0.699605275,-0.49210615,-0.518057909
2,1,Transit,2018,1.6753728,0.023,16.589,756.4354,,,,5600,0.93,1.02,94.4447595,-35.706364,-0.062929747,0.809576572,-0.583631408
1,1,Transit,2019,1.3373508,0.019,3.18,20.6,0,,1650,5143,0.84,0.75,89.5988945,-30.8117992,0.006012457,0.858833386,-0.512219744
1,1,Transit,2019,3.3569866,0.0382,12.733,72.78307,0,,952,4987,0.74,0.66,221.0582692,5.6053735,-0.75043634,-0.653685438,0.097676237
1,1,Transit,2019,0.882059,0.01677,14.863,425.57437,0,,1284,4730,0.75,0.77,75.795382,-30.3994612,0.211649534,0.836147423,-0.506025653
1,1,Transit,2019,2.4997,0.035,12.218,295.5819,0.01,503,1345,5241,0.98,0.89,328.9759206,-14.0684399,0.831247441,-0.499939441,-0.243080743
1,1,Transit,2019,4.43527,0.058,11.994,921.707,0.06,729,1448,6330,1.38,1.34,141.9206435,-19.3476477,-0.742703183,0.581921691,-0.331299152
2,2,Timing Variation,2010,5573.55,5.35,,2329.6,0.08,,,,,,238.2337015,12.9120871,-0.513143874,-0.828704346,0.223455746
2,2,Timing Variation,2010,2883.5,3.43,,731,0.19,,,,,,238.2337015,12.9120871,-0.513143874,-0.828704346,0.223455746
2,1,Timing Variation,2019,3225,3.12,,4497.2945,0.12,,,40000,0.19,0.42,305.001946,4.6323715,0.571730527,-0.816456791,0.080762081
2,2,Timing Variation,2011,3160,,,845.4278,0.15,,,32780,0.15,0.46,204.7005847,-2.0303873,-0.907933534,-0.417613993,-0.035429527
2,2,Timing Variation,2019,8799,,,1760.7782,0.15,,,32780,0.15,0.46,204.7005847,-2.0303873,-0.907933534,-0.417613993,-0.035429527
1,1,Microlensing,2004,,4.3,,830,,,,,,0.63,271.318125,-28.895,0.020139799,-0.875275024,-0.483205983
1,1,Microlensing,2005,,3.6,,1200,,,55,,,0.46,267.540708,-34.6731944,-0.035289267,-0.821652814,-0.568894824
1,1,Microlensing,2006,,3.5,,14.1,,,,,,0.69,271.522167,-30.7326389,0.022833129,-0.859257978,-0.511032655
1,1,Microlensing,2005,3285,2.6,,5.5,,,50,,,0.22,268.579958,-30.3773056,-0.021379668,-0.862449083,-0.50569209
1,2,Microlensing,2008,1788.5,2.3,,231,,,,,,0.51,268.143792,-30.0877778,-0.028026822,-0.864804351,-0.501326174
1,2,Microlensing,2008,4927.5,4.5,,86,0.15,,,,,0.51,268.143792,-30.0877778,-0.028026822,-0.864804351,-0.501326174
2,1,Microlensing,2016,2557,2.59,,80,,,,,,0.41,271.351807,-26.4219437,0.021126981,-0.895292163,-0.444978195
1,1,Microlensing,2009,,2.8,,20,,,,,,0.64,269.108167,-32.2374167,-0.013165403,-0.845742529,-0.533428764
2,1,Microlensing,2014,,15,,57,,,,,,0.71,267.540708,-34.6731944,-0.035289267,-0.821652814,-0.568894824
1,1,Microlensing,2014,,1.7,,1500,,,,,,0.37,269.786708,-30.7594722,-0.003198945,-0.859315918,-0.511435157
1,1,Microlensing,2018,,8,,60,,,,,,0.41,269.315735,-28.2338619,-0.010521535,-0.880961191,-0.473071534
1,1,Microlensing,2012,,2.72,,170,,,,,,0.26,264.559083,-27.1361389,-0.084382055,-0.885915742,-0.456106312
1,1,Microlensing,2015,,1.89,,280,,,,,,0.21,269.448833,-27.3945278,-0.00854079,-0.887818254,-0.460114989
1,2,Microlensing,2012,,4,,46.1,,,,,,1.06,263.577917,-27.14275,-0.099533986,-0.884288607,-0.456208993
1,2,Microlensing,2012,,4.8,,270,,,,,,1.06,263.577917,-27.14275,-0.099533986,-0.884288607,-0.456208993
1,1,Microlensing,2013,,0.87,,588,,,,,,0.02,265.694875,-24.261,-0.068438162,-0.90911079,-0.410893891
1,1,Microlensing,2013,,3.45,,868,,,,,,0.44,268.325708,-30.4711667,-0.025182324,-0.861516499,-0.507104696
1,1,Microlensing,2015,,0.74,,120,,,,,,0.34,271.4905,-27.712,0.023027616,-0.884996711,-0.465027472
1,1,Microlensing,2016,,1.6,,150,,,,,,0.29,268.968292,-29.8185278,-0.015621855,-0.867464048,-0.497254545
1,1,Microlensing,2020,,4.43,,53.1,,,,,,0.4,273.003083,-25.7116111,0.047202542,-0.899751808,-0.433841681
1,1,Microlensing,2016,,2.6,,35,,,,,,0.57,272.019257,-29.7315826,0.030596941,-0.867819061,-0.495937401
1,1,Microlensing,2014,,0.8,,4100,,,,,,0.1,268.0295,-31.6905833,-0.029258053,-0.850394294,-0.525331811
1,1,Microlensing,2017,,3.6,,92,,,,,,0.54,269.764618,-28.4210281,-0.003613037,-0.879466533,-0.475947016
2,1,Microlensing,2014,,0.702,,1.66,,,,,,0.11,268.031208,-29.8461111,-0.029798454,-0.866853196,-0.497672169
1,1,Microlensing,2019,,0.39,,3020,,,,,,0.29,268.88325,-29.2538333,-0.017004075,-0.872297596,-0.488679614
1,1,Microlensing,2017,,2.6,,200,,,,,,0.46,268.126556,-30.2926941,-0.028228179,-0.862998337,-0.504417526
1,1,Microlensing,2018,,1.8,,860,,,,,,0.33,268.409485,-28.8952713,-0.024300639,-0.875167099,-0.483210128
1,1,Microlensing,2015,,3.11,,160,,,,,,0.71,270.621708,-28.39625,0.009545087,-0.879627914,-0.475566635
1,1,Microlensing,2016,,4.4,,982,,,,,,0.62,268.102081,-30.5483894,-0.028521985,-0.860727772,-0.508265875
1,2,Microlensing,2018,,1.5,,55.3,,,,,,0.4,268.75238,-31.4690552,-0.01857098,-0.852720035,-0.522037987
1,2,Microlensing,2018,,1.7,,83.7,,,,,,0.4,268.75238,-31.4690552,-0.01857098,-0.852720035,-0.522037987
1,1,Microlensing,2016,,1.75,,180,,,,,,0.51,269.408997,-28.9631577,-0.009024711,-0.874884723,-0.484247123
1,1,Microlensing,2016,,0.73,,230,,,,,,0.1,269.662537,-28.0316944,-0.00519886,-0.882672449,-0.469959912
1,1,Microlensing,2016,,1.6,,1100,,,,,,0.3,270.184333,-28.6608889,0.002823019,-0.877469227,-0.47962463
1,1,Microlensing,2016,,2.7,,21,,,,,,0.38,268.75425,-29.0471111,-0.019006195,-0.874014151,-0.485528607
1,1,Microlensing,2019,,2.07,,807,,,,,,0.34,271.2050417,-32.6330278,0.017710572,-0.841955435,-0.539256322
1,1,Microlensing,2019,,2.62,,17.9,,,,,,0.55,268.1587917,-28.5519167,-0.028222154,-0.87793089,-0.477954876
1,1,Microlensing,2020,,0.85,,138,,,,,,0.08,268.799,-28.86275,-0.018356204,-0.875586148,-0.482713111
1,1,Microlensing,2017,,5.4,,1300,,,,,,0.13,269.895416,-31.8186111,-0.001551026,-0.849720064,-0.527231834
2,1,Microlensing,2017,,6.4,,1330,,,,,,0.72,269.260406,-28.1161671,-0.01138477,-0.881920446,-0.471260771
1,1,Microlensing,2019,,1.7,,140,,,,,,0.3,273.2045,-27.0126389,0.049801596,-0.889513315,-0.454187036
1,1,Microlensing,2017,1224,2.17,,4253,,,,,,0.88,269.717926,-27.6135559,-0.004362329,-0.886083203,-0.463505694
1,1,Microlensing,2017,,1.16,,1.43,,,,,,0.08,268.847931,-30.2072506,-0.017375866,-0.864036442,-0.503129314
1,1,Microlensing,2020,,3.4,,250,,,,,,0.1,265.597125,-33.7597778,-0.06382386,-0.82892132,-0.555712119
1,1,Microlensing,2018,,3.913,,3.269,,,,,,0.4,267.970612,-29.2713604,-0.03089046,-0.871766664,-0.488946482
1,1,Microlensing,2018,,2.424,,127,,,,,,0.25,269.3294067,-31.9517231,-0.009930602,-0.848436185,-0.529204519
1,1,Microlensing,2020,,3.5,,130,,,,,,0.56,268.999667,-29.8631389,-0.015140068,-0.867085101,-0.497929921
1,1,Microlensing,2018,,1.8,,9,,,,,,0.2,269.048889,-30.5283604,-0.014298231,-0.861259154,-0.507964792
1,1,Microlensing,2020,,4.06,,160,,,,,,0.7,267.891667,-30.9465556,-0.03155203,-0.857066764,-0.514238302
1,1,Microlensing,2020,,3.92,,1760,,,,,,0.55,269.533542,-27.1442222,-0.007244481,-0.88983145,-0.456231858
1,1,Microlensing,2018,,1.02,,505,,,,,,0.21,266.883057,-24.5226669,-0.049469391,-0.90845122,-0.415053202
1,1,Microlensing,2020,,3.04,,3585,,,,,,0.81,269.154875,-30.3114167,-0.012733324,-0.86320109,-0.504699653
1,1,Microlensing,2018,,1.18,,4.5,,,,,,0.23,268.280365,-30.2457218,-0.025923784,-0.863484061,-0.503709474
1,1,Microlensing,2018,,0.59,,240,,,,,,0.04,270.319366,-28.4619713,0.004900255,-0.879119965,-0.476575361
1,1,Microlensing,2019,,0.97,,13.93,,,,,,0.23,269.0555417,-29.1990833,-0.014388643,-0.872811289,-0.487845693
1,1,Microlensing,2020,,0.63,,3.96,,,,,,0.12,268.751125,-32.0165306,-0.018480091,-0.847693759,-0.530163915
1,1,Microlensing,2019,5480,5,,1500,0,,,5912,,1,272.1769583,-29.8358056,0.03295109,-0.866828647,-0.497516153
1,2,Microlensing,2019,,1.8,,570,,,,,,0.18,269.014,-29.0828889,-0.015038456,-0.873788025,-0.486074411
1,2,Microlensing,2019,,0.8,,890,,,,,,0.18,269.014,-29.0828889,-0.015038456,-0.873788025,-0.486074411
1,1,Microlensing,2020,,4.51,,210,,,,,,1.11,269.693417,-27.6179444,-0.004741172,-0.886045752,-0.463573561
1,1,Microlensing,2021,,3.3,,240,,,,,,0.43,265.548708,-26.1378889,-0.069674738,-0.895028587,-0.440532927
2,1,Microlensing,2020,,2.8,,1400,,,,,,0.42,269.956042,-28.5286389,-0.000674056,-0.87857824,-0.477597971
1,1,Transit,2004,3.101278,0.0434,14.011,197.046,,,,5950,1.17,1.14,267.8677483,-29.8764758,-0.032261566,-0.866500969,-0.498131772
1,1,Transit,2004,4.0144463,0.0473,11.422,,,,,,0.83,,163.324115,-61.4056976,-0.458476046,0.137339097,-0.878030573
1,1,Transit,2004,1.4324752,0.02289,12.251,400.449,,,,4790,0.77,0.78,163.1010355,-61.4468591,-0.457334186,0.138939721,-0.878374178
1,1,Transit,2004,1.689868,0.03035,13.45,375.02,,,2013,6210,1.32,1.3,162.6440933,-61.9572476,-0.448725315,0.14024284,-0.882597041
1,1,Transit,2007,3.9791,0.051,12.666,320.995,0,,,5924,1.14,1.14,167.3279228,-61.0952624,-0.471581007,0.106033902,-0.875424563
1,1,Transit,2007,3.67724,0.051,15.244,327.351,0,,,6325,1.64,1.33,160.0598236,-62.4555353,-0.434713393,0.157708909,-0.886652224
1,1,Transit,2002,1.2119189,0.02383,15.278,441.77,,,2212,6050,,,269.1479583,-29.5392222,-0.012937509,-0.869922202,-0.493019252
1,1,Transit,2008,2.4855335,0.0308,18.046,1430.175,,,,6933,1.53,1.52,166.9798793,-61.1462496,-0.470169013,0.108720995,-0.875854351
1,1,Imaging,2006,7300000,243,,4449.62,,,2175,2375,,0.02,245.604961,-24.0872219,-0.377061465,-0.831418733,-0.40812687
1,2,Imaging,2018,,20,30.488,953.49,0.19,,1204,3972,,,212.0421402,-41.3980405,-0.635856909,-0.397978062,-0.661286211
1,2,Imaging,2019,,34,22.866,635.66,0.11,,995,3972,,,212.0421402,-41.3980405,-0.635856909,-0.397978062,-0.661286211
4,1,Transit,2012,138.317,0.652,6.18,169,0.0702,,481,6407,1.73,1.53,298.2150641,39.9550863,0.362410488,-0.675466211,0.642186916
1,1,Transit,2013,282.5255,0.828,10.12,,0.41,,281,5629,1,0.94,289.7636212,51.962683,0.208353555,-0.579879219,0.787609603
1,1,Transit,2013,3.1606296,0.03734,10.548,734.16,,,,4400,0.59,0.69,203.6087259,-66.5811639,-0.364183747,-0.159174021,-0.917624013
1,1,Timing Variation,2017,10140,10.26,,1.97,0.236,,,,,1.44,53.2472749,54.5791636,0.346797603,0.464372241,0.814917078
1,3,Timing Variation,1994,25.262,0.19,,0.02,0,,,,,1.4,195.0149029,12.6823534,-0.94229366,-0.252749536,0.219545738
1,3,Timing Variation,1992,66.5419,0.36,,4.3,0.0186,,,,,1.4,195.0149029,12.6823534,-0.94229366,-0.252749536,0.219545738
1,3,Timing Variation,1992,98.2114,0.46,,3.9,,,,,,1.4,195.0149029,12.6823534,-0.94229366,-0.252749536,0.219545738
2,1,Timing Variation,2003,,23,,794.575,,,,,,1.35,245.9092617,-26.5315944,-0.365196414,-0.816760993,-0.446691236
1,1,Timing Variation,2011,0.09070629,0.0044,,382.8,0.06,,,4500,0.04,1.4,259.7919708,-14.6336,-0.171473766,-0.952245446,-0.252636809
1,1,Timing Variation,2017,0.322964,0.0102,,252.64307,0.0017,,,,,1.4,350.6443481,-26.8495331,0.88032796,-0.145037372,-0.451649027
1,1,Radial Velocity,2012,4.4264,0.06,,171.6282,0,,,6174,1.15,1.24,130.4324005,20.2268164,-0.608555187,0.714231216,0.345737408
2,2,Radial Velocity,2012,2.1461,0.03176,,597.5204,0.011,,,5300,0.83,0.94,130.547744,19.276957,-0.613633864,0.717261807,0.330134792
2,2,Radial Velocity,2016,4850,5.5,,2475.8957,0.71,,,5300,0.83,0.94,130.547744,19.276957,-0.613633864,0.717261807,0.330134792
3,1,Radial Velocity,2016,11.186,0.0485,,1.27,0.35,0.65,234,3050,0.14,0.12,217.3934657,-62.6761821,-0.364683129,-0.27875541,-0.888426495
1,1,Transit,2010,1.4200242,0.02332,12.812,411.27202,0,,1418,5013,0.8,0.84,303.3818697,65.1623313,0.231117799,-0.350749997,0.907501517
1,1,Transit,2019,1.645321,0.0286,17.295,233.92288,0,,1955,6124,1.25,1.16,284.4439052,69.5708373,0.087064017,-0.338016429,0.93710445
1,1,Transit,2011,1.33711647,0.02153,14.056,792.635,0,,1344,4645,0.78,0.74,207.6554928,-6.8040714,-0.879516159,-0.460885139,-0.118474527
1,1,Transit,2017,2.5079204,0.03783,12.285,1369.8473,0,1330,1681,6007,1.27,1.15,359.1519716,36.2129562,0.806738366,-0.011941316,0.590788129
1,1,Transit,2017,1.8053564,0.02803,12.722,1938.763,0,614,1385,5215,0.85,0.9,4.859275,44.0275965,0.716420856,0.060906,0.69500476
1,1,Transit,2017,2.8792319,0.04127,12.408,1373.0256,0,669,1415,5747,1.08,1.13,7.0539375,42.0613451,0.736808531,0.091172873,0.669925889
2,1,Transit,2017,3.506195,0.0423,11.904,212.31044,0,,1006,5052,0.72,0.82,222.2100773,22.1526136,-0.686011013,-0.622256697,0.377074918
1,1,Transit,2019,2.032046,0.0352,19.055,597.5204,0,,2053,6387,1.56,1.41,358.5151344,37.0218242,0.798138117,-0.020689015,0.602119183
1,1,Transit,2019,3.71495,0.0474,14.404,117.91493,0,,1457,5738,1.31,1.03,157.4123405,70.5270835,-0.307790087,0.128042875,0.942799175
1,1,Transit,2019,1.540731,0.0234,11.31,378.2177,0,,1134,4309,0.7,0.72,160.748095,60.9641194,-0.458215123,0.160032977,0.874315931
2,1,Imaging,2013,,210,,5085,,,,3850,,0.87,246.6167993,-25.446695,-0.358375756,-0.828824157,-0.429671192
2,1,Imaging,2013,,157,,2860,,,1975,3433,1.34,,247.8125493,-24.545577,-0.343511261,-0.842275944,-0.415416957
2,1,Timing Variation,2012,4343.5,5.3,,1334.886,0,,,,,0.44,65.2733756,-48.6542601,0.276322346,0.600033255,-0.750737007
1,1,Radial Velocity,2017,9.8658,0.0496,,1.4,0.116,1.38,301,3192,0.2,0.17,176.9376036,0.7992898,-0.998474784,0.053418257,0.013949786
2,1,Imaging,2010,,1100,14.011,1906.98,,,,3646,0.56,0.56,195.1912147,12.3755996,-0.942632279,-0.255952323,0.214319375
2,1,Imaging,2010,,,,4131.62,,,,,,,246.8312363,-24.6946687,-0.357459444,-0.835272709,-0.417782536
1,1,Transit,2006,1.796,0.03,12.666,3082.82,,,,,1.45,1.1,269.7583333,-29.1981944,-0.003681934,-0.872929686,-0.48783215
1,1,Transit,2006,4.2,0.055,9.079,1207.7,,,,,1.18,1.24,269.7246667,-29.1890556,-0.004195235,-0.87300517,-0.487692908
1,1,Radial Velocity,2017,10.79,0.0968,,527.5978,,,,4620,1.17,1.04,64.715445,17.3878826,0.407596538,0.862879093,0.298838975
1,1,Microlensing,2018,,0.5,,9.2,,,,,,0.25,76.9276657,24.7987499,0.205324078,0.884261606,0.419432276
1,1,Transit,2020,15.168865,0.1207,12.52,617.22586,0.575,,974,5788,1.09,1.03,22.4458116,-60.7399096,0.451745817,0.18661889,-0.872409942
1,2,Transit,2020,4.066499,0.04394,3.65,,0.22,,810,4250,0.69,0.68,286.3760037,-41.4376399,0.211363526,-0.719263695,-0.661804501
1,2,Transit,2020,8.350381,0.07098,16.814,309.56642,0.047,,637,4250,0.69,0.68,286.3760037,-41.4376399,0.211363526,-0.719263695,-0.661804501
1,1,Transit,2020,5.07803,0.0392,2.72,,0,8.8,471,3403,0.33,0.31,332.9482355,-58.946085,0.45940899,-0.234603627,-0.856682273
1,1,Transit,2020,3.444729,0.03845,1.738,6.91,0.15,53.6,754,3872,0.63,0.64,152.2182549,69.2766204,-0.313067314,0.164934218,0.935299717
1,3,Transit,2019,4.65382,0.05186,2.726,9.5,0.194,185,1037,5320,0.85,0.86,23.5934253,-66.6763495,0.362828719,0.158466391,-0.91828303
1,3,Transit,2019,9.15059,0.0814,2.759,6.63,0.066,77.59,828,5320,0.85,0.86,23.5934253,-66.6763495,0.362828719,0.158466391,-0.91828303
1,3,Transit,2020,19.98,0.137,2.93,13.6,0.168,26.7,638,5320,0.85,0.86,23.5934253,-66.6763495,0.362828719,0.158466391,-0.91828303
1,2,Transit,2020,10.894843,0.0736,2.37,13.5,0.09,4.9,413,3600,0.42,0.45,197.9965833,65.8336973,-0.38935726,-0.126484173,0.912361046
1,2,Transit,2020,18.80151,0.1058,1.56,2.2,0.04,2.3,344,3600,0.42,0.45,197.9965833,65.8336973,-0.38935726,-0.126484173,0.912361046
1,1,Transit,2020,2.1097019,0.026,3.42,22.4,0.059,860,1395,5397,0.9,0.97,338.3996623,-43.436872,0.675139213,-0.267311127,-0.687554947
2,1,Transit,2021,4.720219,0.0626,15.648,753.2571,0.073,,1679,6274,1.93,1.46,325.0145363,48.4067674,0.543880743,-0.380623794,0.747876504
2,1,Transit,2020,95.174,0.4607,6.85,33,0.088,,,6050,1.33,1.13,92.1330955,-59.5409853,-0.018868109,0.506570619,-0.861991997
1,1,Transit,2021,10.180249,0.0903,11.882,270.47333,0.024,,918,5597,1.05,0.95,126.4337428,-13.5595485,-0.577339094,0.782118936,-0.234455839
1,1,Transit,2019,5.857487,0.07037,14.067,797.7533,0.262,,1404,6255,1.53,1.35,112.965421,-73.6060358,-0.110123293,0.259870164,-0.959343712
1,1,Transit,2020,2.0845435,0.03138,14.415,375.0394,0,1062,1588,5404,1.17,0.95,73.7014398,-76.6806061,0.064654196,0.221120736,-0.973100948
1,1,Transit,2021,5.331751,0.06864,13.888,314.6517,0.036,,1619,5948,2.19,1.52,38.361569,41.0134321,0.59165465,0.468293888,0.656235941
1,1,Transit,2019,4.231306,0.058,16.69,387.7526,0,,1669,6495,1.65,1.44,79.7682532,-71.8955269,0.055198649,0.305808873,-0.950491474
1,1,Transit,2020,2.2554477,0.03524,12.173,251.40353,0,1443,1715,5880,1.29,1.15,16.7786879,-75.1989452,0.244587692,0.073746118,-0.966818686
1,1,Transit,2019,9.47725,0.0914,10.817,1722.6386,0.3806,299,1198,5645,1.78,1.13,316.6318791,-26.6928654,0.649483119,-0.613501487,-0.449207751
1,1,Transit,2020,3.49151,0.0391,5.05,26.78,0.057,57.78,767,3980,0.62,0.65,120.6116787,64.7971531,-0.216836884,0.366480637,0.904805895
1,6,Transit,2021,1.914558,0.02607,1.152,1.5,,,1040,4316,0.65,0.65,7.3020115,-30.4541159,0.855044212,0.109564201,-0.506848183
1,6,Transit,2021,3.23845,0.037,1.669,4.77,,,873,4316,0.65,0.65,7.3020115,-30.4541159,0.855044212,0.109564201,-0.506848183
1,6,Transit,2021,6.5577,0.0592,2.572,3.01,,,690,4316,0.65,0.65,7.3020115,-30.4541159,0.855044212,0.109564201,-0.506848183
1,6,Transit,2021,9.961881,0.0783,2.207,3.86,,,600,4316,0.65,0.65,7.3020115,-30.4541159,0.855044212,0.109564201,-0.506848183
1,6,Transit,2021,15.231915,0.1039,2.287,7.72,,,521,4316,0.65,0.65,7.3020115,-30.4541159,0.855044212,0.109564201,-0.506848183
1,6,Transit,2021,20.7095,0.1275,2.87,3.94,,,470,4316,0.65,0.65,7.3020115,-30.4541159,0.855044212,0.109564201,-0.506848183
1,1,Transit,2020,29.02,0.1587,12.89,209.7678,0.118,2.9,362,3841,0.61,0.63,299.4268472,40.1433462,0.375575482,-0.665809443,0.644702134
1,1,Transit,2021,52.97818,0.3,11.299,133.4886,0.28,,759,6394,1.32,1.32,87.4017825,-54.910423,0.026059339,0.574265445,-0.818254306
1,2,Transit,2019,34.556,0.2069,11.29,200,0.029,10.1,497,5026,0.84,0.87,73.9800129,-63.2603301,0.124170434,0.432464332,-0.893060079
1,2,Transit,2019,17.089,0.1293,7.69,30,0.132,25.9,628,5026,0.84,0.87,73.9800129,-63.2603301,0.124170434,0.432464332,-0.893060079
1,1,Transit,2020,5.436098,0.0341,1.44,,0,3.7,388,3212,0.21,0.18,353.2435381,-29.416487,0.865023087,-0.102481156,-0.491154427
1,1,Transit,2021,4.93777,0.05741,2.74,317.83,0,,,5875,0.88,1.04,353.0620655,-37.2558629,0.790111856,-0.096144863,-0.605375437
1,1,Transit,2021,18.38818,0.1528,7.163,43.86032,0,186,1027,6095,1.87,1.41,47.5172608,-50.8322632,0.42655763,0.465787606,-0.775300261
1,3,Transit,2019,3.36008,0.0306,1.247,,0,,528,3386,0.38,0.4,68.4160804,-51.9573937,0.226694939,0.573035882,-0.787552717
1,3,Transit,2019,5.660172,0.0472,2.42,,0,,424,3386,0.38,0.4,68.4160804,-51.9573937,0.226694939,0.573035882,-0.787552717
1,3,Transit,2019,11.38014,0.0733,2.13,,0,,340,3386,0.38,0.4,68.4160804,-51.9573937,0.226694939,0.573035882,-0.787552717
2,2,Transit,2020,5.19672,0.056,2.68,7.17,0.163,154.57,981,5325,0.87,0.85,81.8532824,-14.2767404,0.137331892,0.959336032,-0.246605614
2,2,Transit,2020,16.06819,0.1189,5.09,16.42,0.152,34.32,674,5325,0.87,0.85,81.8532824,-14.2767404,0.137331892,0.959336032,-0.246605614
2,3,Transit,2020,1.858703,0.0283,1.91,,0,,1491,5550,0.88,0.95,62.966385,-37.93973,0.358455418,0.702489186,-0.614832219
2,3,Transit,2020,9.192522,0.0823,3.1,,0,,875,5550,0.88,0.95,62.966385,-37.93973,0.358455418,0.702489186,-0.614832219
2,3,Transit,2020,16.364988,0.1208,4.07,,0,,722,5550,0.88,0.95,62.966385,-37.93973,0.358455418,0.702489186,-0.614832219
1,1,Transit,2020,10.33111,0.097,11.097,486.2799,0.153,,1370,5735,1.66,1.14,110.5126861,-57.384998,-0.188870527,0.504816401,-0.842311299
1,1,Transit,2021,1.2652328,0.012,11.994,4449.62,,,760,3350,0.37,0.37,124.6067582,-19.6627918,-0.534823781,0.775075597,-0.336483791
1,1,Transit,2020,1.2391491,0.01223,0.903,,0,23.4,611,3216,0.19,0.16,76.3096949,-47.9375391,0.158557293,0.650906793,-0.742414932
1,5,Transit,2020,0.446578,0.01055,1.423,1.59,0,,,5455,0.85,0.79,148.1851516,6.216103,-0.844760022,0.524076537,0.108278758
1,5,Transit,2020,10.779,0.08809,2.878,5.4,0.06,,,5455,0.85,0.79,148.1851516,6.216103,-0.844760022,0.524076537,0.108278758
1,5,Transit,2020,25.62,0.1569,2.53,11.95,0.051,,,5455,0.85,0.79,148.1851516,6.216103,-0.844760022,0.524076537,0.108278758
1,5,Transit,2020,77.23,0.3274,2.67,16,0.061,,,5455,0.85,0.79,148.1851516,6.216103,-0.844760022,0.524076537,0.108278758
1,5,Transit,2020,16.287,0.1174,2.32,3,0,,750,5326,0.83,0.81,148.1851516,6.216103,-0.844760022,0.524076537,0.108278758
1,1,Transit,2020,1.651144,0.02734,11.433,464.98529,0.072,1423,1714,5640,1.09,1,130.2951535,-16.0363275,-0.621559076,0.733042997,-0.276246773
1,1,Transit,2021,3.4095675,0.0486,11.882,2011.8639,0.072,,1586,6250,1.34,1.31,99.2630608,1.7675497,-0.160890961,0.986490094,0.030844669
1,1,Transit,2021,5.0037775,0.06608,19.851,279.6904,0.05,,1749,6460,2.08,1.54,99.7345935,-36.64613,-0.135662771,0.790784779,-0.596871046
1,1,Transit,2020,11.2366,0.1038,13.115,392.83788,0.435,,1252,6295,1.28,1.18,144.1193594,-50.4630933,-0.515778452,0.373095804,-0.771214698
1,3,Transit,2020,9.97702,0.0677,1.037,,0.081,5,417,3461,0.42,0.41,97.0957165,-65.5786149,-0.051071654,0.410277808,-0.91052941
1,3,Transit,2020,16.05111,0.0929,2.65,,0.078,2.66,356,3461,0.42,0.41,97.0957165,-65.5786149,-0.051071654,0.410277808,-0.91052941
1,3,Transit,2020,37.42475,0.1633,1.144,,0.111,0.85,269,3461,0.42,0.41,97.0957165,-65.5786149,-0.051071654,0.410277808,-0.91052941
1,2,Transit,2020,5.6057,0.06,2.28,9.79,0.04,,1038,5450,0.9,0.92,194.468098,-39.7580613,-0.744372354,-0.19206566,-0.639547169
1,2,Transit,2020,12.2737,0.1011,2.63,9.32,0.04,,800,5450,0.9,0.92,194.468098,-39.7580613,-0.744372354,-0.19206566,-0.639547169
1,2,Transit,2020,8.24661,0.0652,1.85,4,0.06,11.5,514,3709,0.54,0.54,178.577997,-37.5533568,-0.792541935,0.019673848,-0.609499977
1,2,Transit,2020,15.6653,0.1,2.02,5.3,0.04,4.9,415,3709,0.54,0.54,178.577997,-37.5533568,-0.792541935,0.019673848,-0.609499977
1,1,Transit,2020,83.8911,0.423,6.71,,0,23.1,610,5907,1.94,1.32,72.6940102,-60.9054608,0.14464769,0.464239324,-0.873818571
1,1,Transit,2020,1.392978,0.02177,2.926,18.467,,412,1253,4600,0.69,0.71,222.1654705,-57.5888666,-0.39728139,-0.359796732,-0.844223791
1,1,Transit,2020,8.3248762,,8.631,381.396,0,,,6047,1.02,1.12,157.0372806,-64.5052107,-0.39632134,0.167924174,-0.902624433
1,1,Transit,2020,0.76552414,0.01598,3.444,39.09,0,,,5373.8,0.92,0.93,28.7157956,-29.4217086,0.763903306,0.418498606,-0.49123381
1,1,Transit,2020,10.62656,0.092,11.994,301.9385,0.125,,1397,6261,1.39,1.28,86.738228,-11.2353401,0.055807477,0.979246213,-0.194839368
1,1,Transit,2020,3.739494,0.04666,13.126,211.99261,0.024,337,1192,5570,0.92,0.97,227.6586754,-71.3616316,-0.215261139,-0.236226402,-0.947554605
3,2,Transit,2020,4.32419,0.04796,4.81,826.358,0,,,4928,1.02,0.79,76.6496172,-20.2456126,0.216639573,0.912863629,-0.346045214
3,2,Transit,2020,10.15643,0.0847,5.79,794.575,0,,,4928,1.02,0.79,76.6496172,-20.2456126,0.216639573,0.912863629,-0.346045214
1,1,Transit,2020,3.6849729,0.04963,9.55,55.30242,0.14,1393,1526,5710,1.89,1.2,61.9410587,-25.2088028,0.42558143,0.798419718,-0.425918302
1,7,Transit,2016,1.51087081,0.01111,1.086,0.85,0.081,4.25,400,2559,0.12,0.08,346.6263919,-5.0434618,0.969115814,-0.23040427,-0.087911383
1,7,Transit,2016,2.4218233,0.01521,1.056,1.38,0.083,2.27,342,2559,0.12,0.08,346.6263919,-5.0434618,0.969115814,-0.23040427,-0.087911383
1,7,Transit,2016,4.04961,0.02144,0.772,0.41,0.07,1.14,288,2559,0.12,0.08,346.6263919,-5.0434618,0.969115814,-0.23040427,-0.087911383
1,7,Transit,2017,6.099615,0.02817,0.918,0.62,0.085,0.66,251,2559,0.12,0.08,346.6263919,-5.0434618,0.969115814,-0.23040427,-0.087911383
1,7,Transit,2017,9.20669,0.0371,1.045,0.68,0.063,0.38,219,2559,0.12,0.08,346.6263919,-5.0434618,0.969115814,-0.23040427,-0.087911383
1,7,Transit,2017,12.35294,0.0451,1.127,1.34,0.061,0.26,199,2559,0.12,0.08,346.6263919,-5.0434618,0.969115814,-0.23040427,-0.087911383
1,7,Transit,2017,18.767,,0.752,,,0.17,173,,0.11,0.09,346.6263919,-5.0434618,0.969115814,-0.23040427,-0.087911383
1,1,Radial Velocity,2021,193.2,0.66,,1938.763,0.08,,,4679,9.99,1.04,271.3396528,2.0622774,0.023364079,-0.999079148,0.035985759
1,2,Radial Velocity,2014,198.4,0.69,,794.5,0.06,,,4806,6.85,1.15,154.2777769,19.5584068,-0.848926967,0.408966569,0.334767606
1,2,Radial Velocity,2014,559.3,1.37,,3178,0.048,,,4806,6.85,1.15,154.2777769,19.5584068,-0.848926967,0.408966569,0.334767606
1,1,Radial Velocity,2018,562,1.414,,1086.9786,0.098,,,4776,5.9,1.19,45.5825716,49.7441421,0.452264275,0.461556131,0.763166406
1,1,Radial Velocity,2016,26.468,0.21,,1716.282,0.036,,1350,5130,6.26,1.87,12.8875757,58.4261485,0.510407512,0.116782446,0.851965981
1,1,Radial Velocity,2017,101.54,0.422,,3426.2074,0.28,,,4300,16.21,0.97,343.8721029,62.2391907,0.447450184,-0.129385905,0.88489978
1,2,Imaging,2020,,162,,4449.62,,,,4573,,1,201.3001096,-64.9391566,-0.394645893,-0.153866874,-0.90585849
1,2,Imaging,2020,,320,12.33,1906.98,,,1240,,,1,201.3001096,-64.9391566,-0.394645893,-0.153866874,-0.90585849
1,2,Radial Velocity,2019,4.91,0.0252,,1.05,0,1.15,,2904,0.11,0.09,43.2691449,16.8649024,0.696825672,0.655947159,0.290116025
1,2,Radial Velocity,2019,11.409,0.0443,,1.11,0,0.37,,2904,0.11,0.09,43.2691449,16.8649024,0.696825672,0.655947159,0.290116025
2,1,Transit,2004,3.03007,,12.666,266.9772,0,,,5230,0.85,1.04,286.0408755,36.632536,0.221743391,-0.771234108,0.596680667
2,1,Transit,2006,2.47063,,15.244,473.5667,0,,,5850,1.12,1.36,286.8085258,49.3164211,0.188507224,-0.624030438,0.758321198
1,1,Transit,2007,1.30618581,0.02282,14.975,607.03,0,,,5650,0.83,0.93,268.0291106,37.5463268,-0.027267854,-0.792391831,0.6094027
2,1,Transit,2007,3.55395,,18.046,247.9074,0,,,6200,1.66,1.08,268.3043361,37.2117397,-0.02356613,-0.796057277,0.604762308
1,1,Transit,2011,1.48224686,0.02459,13.384,568.9157,,,1480,5171,0.87,0.9,305.2219454,59.4489033,0.293163401,-0.415247861,0.861176192
1,1,Microlensing,2018,,4.18,,407,,,,,,0.81,266.654083,-29.2113609,-0.050941649,-0.871337475,-0.488032737
1,1,Imaging,2008,,670,,4449.62,,,,2700,,0.06,241.4752653,-18.3124167,-0.453354336,-0.834115901,-0.314198201
1,1,Imaging,2019,,3500,,4767.45,,,2240,3410,,0.33,239.1037198,-25.6890476,-0.462732581,-0.773283729,-0.433486831
1,1,Imaging,2019,,2880,,5085.28,,,2270,3460,,0.36,245.3730855,-25.4954265,-0.376128698,-0.82051778,-0.430439049
2,2,Timing Variation,2011,5840,5.9,,2002.2,0.04,,,,,0.7,53.8694682,-25.7393857,0.531123299,0.727537161,-0.434278392
2,2,Timing Variation,2011,1916.25,2.8,,2447.2,0.05,,,,,0.7,53.8694682,-25.7393857,0.531123299,0.727537161,-0.434278392
1,1,Timing Variation,2007,1170,1.7,,1017.056,0,,,29300,0.23,0.5,331.0504119,26.4188227,0.783661069,-0.433489499,0.444929413
1,4,Transit,2019,24.1396,0.1688,10.27,,0.29,35,677,,1.34,1.1,61.331654,20.1570318,0.450355648,0.823671394,0.344594292
1,4,Transit,2019,8.24958,0.0825,5.59,,0.43,146,968,,1.34,1.1,61.331654,20.1570318,0.450355648,0.823671394,0.344594292
1,4,Transit,2019,12.4032,0.1083,6.41,,0.21,85,845,,1.34,1.1,61.331654,20.1570318,0.450355648,0.823671394,0.344594292
1,4,Transit,2019,60,0.308,8.74,,0.57,10,492,,1.34,1.1,61.331654,20.1570318,0.450355648,0.823671394,0.344594292
1,1,Radial Velocity,2016,4.927,0.057,,222.481,,,,4250,2,1,68.2918259,24.5619241,0.336409872,0.845009747,0.415676468
2,1,Imaging,2015,,102,,3559.696,,,,2620,,0.07,194.008964,-12.956031,-0.945557435,-0.235911083,-0.224203253
2,1,Transit,2007,2.5199454,0.03889,16.623,271.415,0,,,,1.47,1.24,5.1669536,31.9899732,0.844694405,0.07638201,0.529770847
1,1,Transit,2008,3.0927616,0.03781,12.106,1001.12,,,1370,4675,0.7,0.75,348.9930457,31.4627508,0.837288272,-0.162857822,0.521944135
2,1,Transit,2014,2.84938,,14.908,400.4658,0,,,6900,1.57,0.77,68.9598159,-64.027039,0.157232859,0.408748517,-0.899000822
1,1,Transit,2014,3.58572,,16.029,162.0933,0,,,6380,1.31,1.41,98.3511016,-23.486086,-0.133206667,0.907431942,-0.398526354
1,1,Transit,2014,0.925542,0.01985,17.127,473.547,,,2508,6110,1.44,1.22,249.3148604,7.1833758,-0.350459701,-0.928192681,0.125045369
2,1,Transit,2014,1.7554137,0.02918,12.745,404.263,0,,1516,5475,0.96,1.08,160.6023689,7.4350768,-0.935305779,0.329329693,0.129402679
1,1,Transit,2017,7.87288,0.075,10.761,572.094,0,,900,5070,0.9,0.89,24.1678686,-50.659308,0.57836622,0.259538326,-0.773390182
1,1,Transit,2014,9.28971,,11.433,514.8846,0,,,6055,1.31,0.93,166.4296276,-5.0794854,-0.968264929,0.233718012,-0.088537661
1,2,Transit,2017,5.7214742,,,30.5,0.06,,,4425,0.67,0.68,188.3864277,-10.1462141,-0.973835545,-0.143567817,-0.176160758
1,2,Radial Velocity,2020,1088,,,115,0.28,,,4425,0.67,0.68,188.3864277,-10.1462141,-0.973835545,-0.143567817,-0.176160758
3,1,Transit,2008,3.72247,,12.442,251.0857,0,,,4800,0.89,1.42,47.3689472,30.6733817,0.582516866,0.632793661,0.510143395
1,1,Transit,2016,4.54216875,0.05885,15.793,150.96925,0,,1496,5890,1.61,1.32,224.8728589,46.9600996,-0.483675412,-0.48153358,0.730878585
2,1,Transit,2016,1.5487743,0.02851,15.009,562.24127,0.012,,2043,5940,1.43,1.29,327.6656953,10.4629385,0.830892548,-0.525965023,0.181599474
1,1,Transit,2014,10.02165,,11.882,95.349,0.3,,,6040,1.22,1.29,36.7758112,-50.2844247,0.511810434,0.382546232,-0.769225884
1,1,Transit,2016,4.0460435,0.05453,16.141,163.36462,0,,1729,6410,1.7,1.32,19.5505861,2.7027847,0.941298127,0.334266724,0.047154999
1,1,Transit,2016,2.49979,0.0363,15.693,390.9309,0.058,,1600,5650,1.2,1.02,55.9336392,-65.19378,0.23501243,0.347551272,-0.907731938
3,1,Transit,2008,1.09142,0.0232,21.712,465.62095,,,2593,6360,1.66,1.43,97.636645,29.6722662,-0.115464577,0.861165001,0.495038153
1,1,Transit,2016,3.6112706,0.0514,16.511,1541.4755,0.057,,1880,6450,1.87,1.39,62.6160813,-45.8982434,0.320095622,0.6179515,-0.718104962
1,1,Transit,2016,1.2749255,0.02544,20.905,375.99289,0,,2358,6459,1.46,1.35,107.6002312,-39.0972705,-0.234665137,0.739747883,-0.630638837
2,1,Transit,2016,2.9776412,0.04263,14.773,285.72917,0,,1520,5740,1.28,1.17,289.4792124,-32.8601244,0.280109691,-0.791918353,-0.542589976
1,1,Transit,2016,3.37265,0.0449,13.899,190.698,0.017,,1400,6050,1.02,1.07,332.7143373,-30.7497189,0.763784186,-0.393976407,-0.51128887
1,2,Transit,2016,3.28883,,,90.3,,,,5800,1.27,1.12,63.374706,-69.2265926,0.158948066,0.317062267,-0.934990391
1,2,Timing Variation,2019,7.63,,,64.2,0.05,,,5800,1.27,1.12,63.374706,-69.2265926,0.158948066,0.317062267,-0.934990391
2,1,Transit,2016,4.17806203,0.0484,14.695,52.3466,0,,,,1.33,0.95,160.5587646,-3.8349989,-0.94087183,0.332094582,-0.066883391
2,1,Transit,2016,5.748145,0.0628,10.424,317.83,0.096,,1100,5900,0.9,1,176.2990518,-42.0639575,-0.7408492,0.04792088,-0.669959739
1,1,Transit,2009,4.35301,,13.675,114.4188,0,,,5950,1.37,0.72,140.1029654,33.8823291,-0.636915996,0.532488426,0.557489094
1,1,Transit,2016,11.55098,0.1012,9.976,390.9309,0,,833,5625,0.96,1.04,203.1060194,-42.4752733,-0.678401258,-0.2894469,-0.675271964
1,1,Transit,2016,5.322023,0.0607,13.675,85.8141,0,,1460,6030,1.53,1.06,210.1935714,-30.5836084,-0.744092062,-0.432960161,-0.508795147
1,1,Transit,2016,7.133521,0.067,9.752,130.3103,0,,763,4775,0.74,0.8,217.6091998,-46.159516,-0.548713918,-0.422706978,-0.721270994
1,1,Transit,2016,2.176423,0.0345,13.563,368.6828,0.17,,1790,5700,1.44,1.16,314.5754375,-35.7966224,0.569267514,-0.577767212,-0.584909862
1,1,Transit,2015,1.4013794,0.0243,14.572,603.877,0,,,5675,0.96,0.98,267.2848846,29.8790428,-0.041073507,-0.866105652,0.49817062
1,1,Transit,2016,5.215357,0.0661,15.468,479.9233,,,1742,6260,2.21,1.41,0.325761,-8.9262512,0.987872911,0.005616713,-0.155163023
1,1,Transit,2016,3.634433,0.0494,12.218,387.7526,,,1590,6272,1.36,1.22,41.6391598,-0.4641252,0.747319624,0.664415354,-0.008100424
2,1,Transit,2016,5.924262,0.062,8.967,37.18611,0,,910,5310,0.8,0.92,49.562173,-41.3020235,0.487271725,0.571777091,-0.6600282
3,1,Transit,2008,2.24375,,15.468,2809.6172,0.09,,,6475,1.4,1.62,218.2766247,21.8946875,-0.728405661,-0.574777763,0.372901751
2,1,Transit,2016,2.2359835,0.0323,16.141,775.5052,0.047,,1320,5260,0.87,0.9,60.3855387,-20.4509991,0.463014991,0.814575003,-0.349406186
1,1,Transit,2016,3.310651,0.0469,13.563,854.9627,0,,1540,5900,1.37,1.25,71.8244347,-17.1151736,0.298115985,0.908029863,-0.294293437
1,1,Transit,2016,2.052868,0.0347,17.15,266.9772,0,,2000,6010,1.64,1.33,140.5063164,-23.946102,-0.70527314,0.581251738,-0.405877093
1,1,Transit,2018,2.2783152,0.0316,9.528,139.8452,0,,1260,5200,0.81,0.81,320.7628761,-40.0484393,0.592906973,-0.484203166,-0.643435013
2,1,Transit,2018,1.7690381,0.0261,10.088,282.8687,0,,1200,4900,0.68,0.76,322.2537644,-58.8361466,0.409192608,-0.316787769,-0.855690901
1,1,Transit,2018,4.60273,0.0549,12.498,87.40325,0,,1404,5702,1.43,1.04,359.1915117,-22.1532316,0.926086487,-0.013068673,-0.377084908
1,2,Transit,2020,8.80381,0.0845,8.093,92.48853,0.22,,940,5460,1.03,1,254.1305022,44.3025361,-0.195695709,-0.688385814,0.698446964
1,2,Radial Velocity,2020,34.516,0.2101,,127.132,0.359,,590,5460,1.03,1,254.1305022,44.3025361,-0.195695709,-0.688385814,0.698446964
1,1,Transit,2009,3.7521,,15.805,171.6282,0,,,6300,1.48,1.18,208.9280111,-32.1597118,-0.740939845,-0.409493518,-0.532281134
1,1,Transit,2020,5.644207,0.0694,11.994,2688.8418,0.3775,,1460,6218,1.65,1.39,264.2630197,53.0212751,-0.060128965,-0.598505582,0.798858921
1,1,Transit,2017,4.533471,0.055,12.666,98.5273,0.003,460,1290,5871,1.14,1.08,349.0634651,0.3066895,0.98182387,-0.189718837,0.005352716
1,1,Transit,2017,3.332609,0.048,17.374,123.9537,0.009,1400,1700,5914,1.73,1.34,279.2624729,40.0186905,0.123266784,-0.755849268,0.643037467
1,1,Transit,2017,3.836169,0.0453,5.717,40.68224,0.007,150,970,4910,0.76,0.84,32.782085,2.4181937,0.839987251,0.540963192,0.042192913
1,1,Transit,2016,3.951623,0.0499,11.19,,,,1193,5772,1.1,1.06,201.6551525,-8.3176353,-0.919645403,-0.365137778,-0.144660764
1,1,Transit,2018,3.656333,0.0517,11.994,886.7457,0,,1590,6350,1.39,1.38,4.1463468,-10.9764226,0.979136124,0.070981493,-0.190405036
1,1,Transit,2018,3.840401,0.0538,15.468,174.8065,0,,1850,6120,2.11,1.41,68.1364792,-38.9682973,0.289536431,0.721571661,-0.628890287
1,1,Transit,2009,3.1186,,13.675,394.1092,0,,,5700,1.14,1.78,214.6830109,-20.2754374,-0.771360313,-0.533776889,-0.346533548
2,1,Transit,2018,3.7684952,0.0452,12.218,88.35674,0,,1119,5298,0.87,0.87,87.679561,-27.6233218,0.035873176,0.885288406,-0.463656719
1,1,Transit,2018,5.4060425,0.0673,12.812,791.3967,,990,1557,6400,1.71,1.39,126.3378248,-11.5009889,-0.58064754,0.789363108,-0.199384847
1,1,Transit,2018,9.62468,0.0871,11.209,1652.716,0.434,,910,5300,1.11,0.95,168.2929079,-17.6577794,-0.933063058,0.193348521,-0.303330973
1,1,Transit,2018,1.6096884,0.0266,13.473,594.3421,,1200,1638,5500,1.01,0.97,256.5375549,-10.4130071,-0.228973728,-0.956505727,-0.180742428
1,1,Transit,2018,1.7771255,0.02818,12.644,676.9779,0,,1610,5806,0.93,0.95,344.8735878,-60.4478194,0.476127278,-0.128704493,-0.869906873
1,1,Transit,2018,3.465509,0.04823,14.123,209.13214,0,,1624,5599,1.75,1.25,357.5806472,-17.0775947,0.955055856,-0.040351861,-0.293666543
1,1,Transit,2019,5.44354,0.0641,7.062,32.10083,0,440,1270,6050,1.22,1.19,144.8751047,-20.9824191,-0.763665145,0.53720872,-0.358081469
1,1,Transit,2017,2.0219596,0.0365,17.71,2542.64,,,2329,7000,1.79,1.59,196.0437932,-35.5495292,-0.78192359,-0.224859916,-0.581406499
2,1,Transit,2018,4.153658,0.0519,16.814,133.4886,0,,1340,6000,1.12,1.08,96.7446427,-46.8213635,-0.080364394,0.679539686,-0.729223819
1,1,Transit,2019,5.6114118,0.0681,14.617,178.30263,0,,1604,6110,2.01,1.34,127.3872297,-12.9447683,-0.591767692,0.774357647,-0.224011682
1,1,Transit,2009,3.73543,,20.961,247.9074,0,,,6550,1.49,2.28,239.9622479,-28.0617941,-0.44172382,-0.763925221,-0.470423558
1,1,Transit,2018,2.34478022,0.0337,12.285,508.528,,680,1422,5600,0.94,0.93,135.4163028,-20.7203686,-0.666157838,0.656547088,-0.353807371
1,1,Transit,2019,3.8186244,0.0504,10.985,344.52772,0,,1642,5965,1.64,1.17,171.8450533,-44.0887035,-0.711000466,0.101886107,-0.695771196
1,1,Transit,2018,5.477433,0.0694,17.598,149.3801,0,,1740,6900,1.91,1.49,199.433742,-47.2375748,-0.640277508,-0.225901218,-0.734175287
2,1,Transit,2018,1.38665318,0.0248,13.451,1172.7927,0,,1880,5800,1.11,1.05,354.1686959,-34.6113042,0.818765454,-0.083619143,-0.568006135
1,1,Transit,2018,4.2337,0.0559,14.572,413.179,,,1490,6400,1.31,1.3,195.7940145,-41.3848617,-0.721959806,-0.204212575,-0.661113653
1,1,Transit,2019,3.0652907,0.04403,13.54,314.6517,0,,1571,6229,1.2,1.21,166.3187996,-34.1227453,-0.804349284,0.195799639,-0.560967674
1,1,Transit,2020,3.899052,0.0535,16.87,271.74465,0,,1721,5941,1.93,1.34,313.6872928,9.1790688,0.681877085,-0.713860513,0.159520558
1,1,Transit,2019,3.071722,0.03957,17.71,161.45764,,,1142,5017,0.89,0.88,334.7969885,-1.8344301,0.904340964,-0.425608615,-0.032011375
1,1,Transit,2019,3.3448285,0.0558,20.288,527.5978,0,,2470,9360,1.67,2.07,227.270329,-42.7049658,-0.498629183,-0.539798119,-0.678223362
2,2,Transit,2009,0.94124,0.02,,3314.82,,,,6400,1.23,1.22,24.3544618,-45.6777937,0.636517152,0.288127207,-0.715421993
2,2,Timing Variation,2019,2.1558,0.035,,55.2,0.015,,,6400,1.23,1.22,24.3544618,-45.6777937,0.636517152,0.288127207,-0.715421993
2,1,Transit,2019,3.409264,0.048,13.899,286.047,0,,1540,6600,1.19,1.3,123.3922465,-1.9827874,-0.550038236,0.834422453,-0.034599262
1,1,Transit,2019,4.5195064,0.05427,13.271,95.03117,,,1186,5839,0.96,1.04,26.7932253,3.1329325,0.891305005,0.450098284,0.054652743
1,1,Transit,2019,3.3769848,0.0451,9.528,47.03884,0,,1479,5638,1.34,1.08,311.673345,-41.8209828,0.49549194,-0.556649128,-0.666805433
1,1,Transit,2019,4.1117771,0.04632,16.477,159.55066,,,1111,5313,0.87,0.78,163.7888521,-0.7370663,-0.960159932,0.279154843,-0.012863879
1,1,Transit,2019,5.1817,0.0627,14.908,181.1631,0,,1480,6000,1.65,1.23,209.51701,-30.348153,-0.750965731,-0.425170329,-0.505253068
1,1,Transit,2019,9.38755,0.0904,14.011,311.4734,0.24,,1160,5900,1.5,1.12,214.0595791,-19.5423062,-0.780732258,-0.527792591,-0.334502798
1,1,Transit,2020,5.026799,0.06,12.442,1341.2426,0.33,,,6361,1.47,1.22,18.9953122,21.6169065,0.879042955,0.302598317,0.36839889
1,1,Transit,2020,5.147878,0.0653,18.383,254.264,0,,,6150,2.83,1.54,17.47474,25.6816494,0.859624241,0.270621881,0.433370467
1,1,Transit,2009,0.78883899,0.01634,15.603,339.76027,0.002,,2520,5568,1,0.9,148.4167672,-45.6591078,-0.595401162,0.366053097,-0.71519409
1,1,Transit,2019,5.367753,0.0663,12.89,317.83,0,,1500,6400,1.6,1.35,7.7095292,-40.5734613,0.752706805,0.101897431,-0.650422462
1,1,Transit,2019,2.8786765,0.0408,13.787,731.009,0,,1620,5910,1.32,1.09,223.6587187,-38.7445469,-0.564262017,-0.538443219,-0.625849244
2,1,Transit,2007,2.152175,0.03144,12.117,295.89973,,492,1311,5180,0.87,0.9,307.7255587,6.4293305,0.608031651,-0.785976157,0.111977641
2,1,Transit,2015,4.8996284,0.06,16.388,98.841,0,,1379,5940,1.39,1.2,5.1605621,-23.9357894,0.910295849,0.082211686,-0.40571259
1,1,Transit,2010,4.322482,0.052,11.99,95.345,0,,,,,,347.4928024,18.3961597,0.926378707,-0.205495311,0.315585437
1,1,Transit,2010,3.53269,,13.787,212.9461,0.02,,,6000,1.24,1.46,52.8180374,-23.8197924,0.552870065,0.728855754,-0.403861338
1,1,Transit,2010,2.9444256,0.0376,10.783,280.95,0.062,,,5150,0.77,0.78,101.1275033,-42.7622296,-0.141691129,0.720375166,-0.678957469
3,1,Transit,2010,2.34121,,15.468,394.1092,0,,,6075,1.42,1.43,227.2154975,2.343286,-0.678674829,-0.733299909,0.040886656
1,1,Transit,2010,3.76483,,11.994,139.8452,0,,,5750,0.8,0.67,195.3597581,-27.5222273,-0.8551555,-0.234903002,-0.462092685
2,1,Transit,2010,2.7566,,13.563,270.1555,0,,,6034,1.22,0.86,4.6030424,-15.2674044,0.961595831,0.077419555,-0.26332427
1,1,Transit,2014,3.40883,0.04469,13.597,288.26,0,,1468,6150,1.09,1.02,353.6162694,-1.5799849,0.993421696,-0.11114447,-0.027572444
1,1,Transit,2010,3.92273,,8.631,73.1009,0.03,,,4800,0.79,0.77,357.8791976,-39.9071215,0.766559982,-0.028387172,-0.64154498
3,1,Transit,2007,1.84683,,15.917,772.3269,0,,,6400,1.44,1.62,278.6317411,35.6614312,0.121938922,-0.803273554,0.582994423
1,1,Transit,2010,3.4059096,0.04659,17.363,151.916,0,,,6302,1.25,1.16,169.4388603,-19.0547781,-0.929194969,0.173241905,-0.326471976
1,1,Transit,2010,2.71866,,10.761,835.8929,0,,,6140,0.95,0.72,3.9617073,1.2005122,0.997391469,0.069074587,0.020951357
2,1,Transit,2010,1.21987,0.0239,17.856,665.21819,,,2782,7430,1.44,1.5,36.7127375,37.5504441,0.635556068,0.473948721,0.609459674
1,1,Transit,2010,4.31768,,11.209,177.9848,0.04,,,5700,0.91,0.96,165.3993679,-23.8609457,-0.884996426,0.230534728,-0.404518313
1,1,Transit,2011,3.16158,,14.572,225.6593,0,,,5990,1.08,1.05,76.0818912,-6.2297801,0.239114402,0.96490858,-0.108516062
2,1,Transit,2011,1.53736596,0.02677,14.874,750.39663,,,1733,5959,0.98,1.08,131.5803897,-8.0269855,-0.657167861,0.74069644,-0.139639488
1,1,Transit,2010,3.577469,0.0446,13.002,572.07,0,,,5800,1,0.93,221.9438866,1.0650227,-0.743671296,-0.668287007,0.018587082
1,1,Transit,2010,6.87188,,13.787,1093.3352,0.03,,,6180,1.52,1.76,243.9597194,10.0324103,-0.432290285,-0.884747224,0.174205223
1,1,Transit,2011,4.055259,0.0486,14.235,88.989,0,,,5400,0.9,0.93,217.3266477,-3.4444994,-0.793755015,-0.605262895,-0.06008165
1,1,Transit,2007,1.33823147,0.0226,14.807,376.94638,0,,,5400,0.89,0.86,353.5629149,-42.0617794,0.737742342,-0.083234614,-0.669931516
1,2,Transit,2012,3.0524,,12.33,270.1555,0,,,5545,0.83,0.81,190.6188034,-30.6398176,-0.845653853,-0.158547082,-0.509639464
1,2,Radial Velocity,2015,421,1.07,,1010.6994,0.294,,241,5545,0.87,0.93,190.6188034,-30.6398176,-0.845653853,-0.158547082,-0.509639464
1,1,Transit,2012,4.9816819,0.0561,12.576,167.49641,,,1021,5315,0.89,0.95,192.981203,-42.0736165,-0.723314518,-0.166740388,-0.670084884
1,1,Transit,2011,0.813475,0.0142,10.424,565.714,0,,,4400,0.6,0.58,154.9081869,-9.8064431,-0.892397027,0.417873831,-0.17032031
1,1,Transit,2011,2.423804,0.03453,12.33,276.5121,,533,1337,5420,0.91,0.94,3.9032733,-11.9382645,0.976101617,0.066599956,-0.206857628
2,1,Transit,2011,3.126089,0.03963,10.604,306.38812,,294,1153,5150,0.85,0.85,5.2377567,-35.998465,0.805654591,0.07385565,-0.587763578
1,1,Transit,2011,1.43036763,0.02335,13.159,607.0553,,,1636,5600,0.86,0.83,318.7370122,-55.8718634,0.421732527,-0.370018655,-0.827784918
1,4,Transit,2012,4.1591289,,12.63,363.1,,,,5552,1.14,1.04,331.203092,-12.019067,0.857122025,-0.471146588,-0.208237189
1,4,Radial Velocity,2015,588.5,1.393,,398.2,0.296,,,5552,1.14,1.04,331.203092,-12.019067,0.857122025,-0.471146588,-0.208237189
1,4,Transit,2015,9.03077,,3.576,13.1,0.014,,,5552,1.14,1.04,331.203092,-12.019067,0.857122025,-0.471146588,-0.208237189
1,4,Transit,2015,0.789592,,1.81,6.83,,,,5552,1.14,1.04,331.203092,-12.019067,0.857122025,-0.471146588,-0.208237189
1,1,Transit,2011,2.14363,,16.814,254.264,0,,,5920,1.58,0.88,291.1623865,55.4730273,0.204619737,-0.528570111,0.823859455
2,1,Transit,2012,2.78174,,12.442,117.5971,0,,,5600,0.97,0.92,91.0897193,-16.9653901,-0.018190401,0.956308202,-0.291793989
1,1,Transit,2008,1.6284279,0.0267,12.184,502.15,0.038,,1706,5700,1.03,0.96,359.3490277,-41.2772202,0.751477974,-0.008538367,-0.659702926
1,1,Transit,2011,1.9551,0.0293,13.07,466.8287,,,1395,5400,0.84,0.89,43.6880738,-10.8980242,0.710069801,0.67827472,-0.189061581
1,1,Transit,2012,1.7497798,0.0272,14.24,146.2,0,,1315,5000,0.79,0.87,348.4947931,8.7610793,0.968473107,-0.197129738,0.152314503
1,2,Transit,2017,3.3098443,0.04101,12.038,677.61356,0.03,,1053,4953,0.8,0.84,31.9091639,-20.661843,0.794286079,0.494575816,-0.352851792
1,2,Radial Velocity,2017,2840,3.73,,5196.5205,0.8369,,,4953,0.8,0.84,31.9091639,-20.661843,0.794286079,0.494575816,-0.352851792
2,1,Transit,2012,3.69364,,17.71,187.5197,0.07,,,6100,1.76,1.08,205.4542456,-0.1281712,-0.902926528,-0.429789111,-0.002237008
2,1,Transit,2012,4.46563,,14.908,193.8763,0,,,5900,1.09,1.11,203.7581951,-17.5034961,-0.872876329,-0.384223807,-0.300763993
2,1,Transit,2012,4.6171,,10.536,143.0235,0,,,5600,0.96,0.71,183.3660401,23.055687,-0.918537264,-0.054024838,0.391625602
1,1,Transit,2012,2.83891856,0.03769,11.769,204.68252,,,1338,5600,0.93,0.89,223.8199788,-2.0576866,-0.721053589,-0.691948339,-0.035905687
2,1,Transit,2012,5.01718,,16.029,308.2951,0,,,5800,1.22,1.06,274.7012534,45.1722194,0.05778023,-0.702606339,0.709229002
1,1,Transit,2012,7.919585,0.0697,8.687,274.276,0.1,,670,4650,0.61,0.72,349.6229547,24.889277,0.892285636,-0.163395564,0.420866051
1,1,Transit,2009,3.36101,,11.545,117.5971,0.05,,,5450,0.73,0.55,348.1571282,-22.6741248,0.903071512,-0.189366797,-0.385489378
1,1,Transit,2012,4.305,,9.864,174.8065,0,,,5900,1.17,1.19,356.6667136,31.1559115,0.854314849,-0.049757472,0.517368662
1,1,Transit,2012,3.8559,,15.805,851.7844,0,,,6250,1.55,1.82,75.2996637,-26.0541438,0.227976008,0.868972075,-0.4392203
1,1,Transit,2012,4.41195,,14.796,165.2716,0,,,6230,1.23,1.11,87.1398205,-63.9883286,0.021883338,0.438007909,-0.89870473
1,1,Transit,2012,4.37808,,15.805,117.5971,0,,,5550,1.86,1.28,94.3363562,-38.3233826,-0.059318958,0.78227756,-0.62009925
2,1,Transit,2012,1.5732918,0.02648,14.247,403.945,0,,1689,5400,1.06,1,101.1149223,-32.8583878,-0.161935851,0.824257561,-0.542564516
1,1,Transit,2013,2.3114243,0.0334,12.464,492.62,0,,1480,5600,1.01,0.93,133.3242982,8.5230171,-0.67854962,0.719447833,0.148206711
1,1,Transit,2012,4.08605,,15.693,746.9005,0,,,6600,1.76,1.33,158.2250301,-34.9899074,-0.7607977,0.303911907,-0.573432135
1,1,Transit,2012,4.61442,,12.89,136.6669,0,,,5200,0.88,0.91,295.7438485,-19.9497314,0.408284308,-0.846693278,-0.34119557
2,1,Transit,2014,5.0843,,14.796,343.2564,0,,,5910,1.79,1.49,305.0957239,-19.3147271,0.542584012,-0.772141447,-0.330756973
1,1,Transit,2014,3.86814,,12.442,92.1707,0,,,4700,0.86,0.98,315.0259661,-5.094857,0.704632149,-0.703993768,-0.08880489
1,1,Transit,2008,4.9546416,0.0617,14.908,305.1168,,,1487,6400,1.43,1.28,311.0427558,-39.2254856,0.508660978,-0.584266384,-0.632373941
2,1,Transit,2014,3.7130203,0.04853,13.047,187.512,0,,1387,5763,1.22,1.11,315.4771912,-13.4333821,0.693464964,-0.682008985,-0.23231463
1,1,Transit,2012,2.90367,,13.227,441.7837,0,,,6050,1.82,0.76,29.2634506,0.7588247,0.872304768,0.488783183,0.013243602
1,1,Transit,2012,2.21673,,14.46,731.009,0,,,6250,2.18,2.78,41.0400779,-30.1690785,0.652084353,0.567649572,-0.50255344
1,1,Transit,2014,4.08722,,15.917,908.9938,0,,,6030,2.55,2.52,319.9496969,-58.1489328,0.403953714,-0.339562218,-0.849422685
1,1,Transit,2015,2.13775,,15.244,228.8376,0,,,5990,1.42,0.98,304.538843,-1.0760033,0.566864837,-0.823596756,-0.018778696
2,1,Transit,2013,2.484193,0.0375,14.235,340.06,0,,1710,6100,1.26,1.14,342.3858995,-10.6754686,0.936619881,-0.297367045,-0.185245889
2,1,Transit,2016,1.809886,0.033,20.512,292.4036,0,,2160,6250,1.73,1.46,26.632936,2.700389,0.892904076,0.447775228,0.047113233
2,1,Transit,2012,1.36003,,15.468,727.8307,0,,,5365,1.09,1.49,37.1555223,-7.0606675,0.790955019,0.599400347,-0.12292023
1,1,Transit,2012,2.17518,,21.633,352.7913,0,,,6100,2.46,1.87,63.7562662,-22.1163901,0.409654645,0.830926522,-0.376489292
1,1,Transit,2012,3.66238,,18.719,270.1555,0,,,6600,1.6,1.43,66.3709016,-30.6004362,0.344996218,0.788573253,-0.509047969
2,2,Transit,2010,8.15872,,12.666,807.2882,0.31,,,5600,1.03,1.34,359.9008737,-35.0313349,0.818837009,-0.001416655,-0.574024342
2,2,Radial Velocity,2013,4323,5.28,,3003.37,0,,,,,1.04,359.9008737,-35.0313349,0.818837009,-0.001416655,-0.574024342
1,1,Transit,2012,3.06785234,0.0344,11.198,170.99254,0.002,,825,4143,0.59,0.58,303.1667996,-2.1444369,0.54669513,-0.836495232,-0.037418747
1,1,Transit,2017,2.7164762,0.03908,16.018,231.69807,0.066,,1623,5870,1.28,1.08,304.2079924,3.2939492,0.561269931,-0.825635861,0.057458595
1,1,Transit,2015,2.70579,,18.159,371.8611,0,,,6480,2.1,1.48,72.6605916,1.8938365,0.297868702,0.954034637,0.033047664
1,1,Transit,2015,4.971252,0.059,11.657,95.349,0,,1120,5510,1.05,1.11,190.1519558,-19.2843527,-0.929113385,-0.166369694,-0.330256631
1,1,Transit,2014,8.5234865,0.0771,10.559,220.565,0,,797,5314,0.75,0.84,131.1069959,1.8598933,-0.657120885,0.75308617,0.032455561
2,1,Transit,2016,2.6556777,0.039,13.899,402.05495,0,,1452,6112,0.94,1.09,175.9080328,6.5637842,-0.990912724,0.07088987,0.114309232
2,1,Transit,2016,1.682795,0.02946,15.524,692.8694,0,,,6450,1.63,1.2,185.3246821,-52.8408163,-0.601425022,-0.056053837,-0.796960419
1,1,Transit,2014,4.954,,16.365,133.4886,0,,,6430,1.8,0.94,309.5112337,-48.4620833,0.421893667,-0.511593544,-0.748517054
1,1,Transit,2015,3.3564227,0.0427,11.657,1875.197,0.193,,1120,5130,0.88,0.92,313.9000261,-18.9714084,0.655737191,-0.681411141,-0.325096284
1,1,Transit,2016,3.916243,0.0562,18.271,200.2329,0,,1840,6430,1.98,1.55,315.5319489,7.0562793,0.708236032,-0.69520574,0.122844222
1,1,Transit,2017,2.798581,0.037,11.545,425.8922,0,,1160,4920,0.86,0.84,357.846434,-70.1528621,0.339272081,-0.012758166,-0.940601767
1,1,Transit,2016,2.1746742,0.0348,16.376,255.85315,0,,1871,6280,1.34,1.19,246.6920395,51.0411328,-0.248784337,-0.577449912,0.777597552
1,1,Transit,2016,2.7325321,0.04211,17.901,467.2101,0,,1942,6700,1.52,1.33,9.4587443,51.288778,0.61689274,0.102775864,0.780307932
2,2,Transit,2014,3.95019,,17.71,158.915,0,,,6170,1.48,1.67,313.7832393,-34.1357512,0.572719283,-0.597575972,-0.561155575
2,2,Radial Velocity,2014,2.00839,0.0335,,196.411,0,,,6040,1.35,1.24,313.7882932,-34.135724,0.572772176,-0.597525644,-0.561155182
1,1,Transit,2014,2.18467,,13.787,457.6752,0,,,5830,1.23,1.46,337.4578243,-48.0030988,0.617970291,-0.256504776,-0.743181014
1,1,Transit,2014,3.4252602,0.0453,13.45,152.55,0,,1285,5540,1.05,1.06,1.0465696,-47.3606352,0.677268541,0.012372421,-0.735631869
1,1,Transit,2014,2.07276,,12.778,432.2488,0,,,5640,1.08,1.18,24.6051389,-55.7720006,0.511412933,0.234198608,-0.826805796
2,1,Transit,2014,2.96264036,0.03762,12.823,293.03926,,,1171,5473,0.74,0.81,58.4290113,-34.3282716,0.432361907,0.703592263,-0.563933604
1,1,Transit,2014,5.75251,,11.433,772.3269,0,,,6150,1.64,1.21,39.8976689,-50.0081934,0.493056981,0.412225543,-0.766136355
1,1,Imaging,2011,,2500,,2383.6,,,323,,,,121.7275683,-66.3058835,-0.211327237,0.341799991,-0.915703863
3,1,Transit,2020,1.4079405,0.0204,10.4,4386.054,0,0.18,163,4710,0.01,0.52,284.415675,53.5090244,0.148052503,-0.575972211,0.803950539
1,1,Imaging,2012,,8,10.468,6992,,,450,575,0.09,0.03,184.487125,16.4445,-0.956154716,-0.075034823,0.283086443
1,1,Transit,2012,3.352057,0.047,16.7,1274.44,0.1,,1500,6250,1.15,1.2,293.9850284,36.2962939,0.327623733,-0.736372737,0.591961047
1,1,Transit,2014,1.0187068,0.01855,15.278,355.9696,0,,2000,5000,0.75,0.82,293.7327826,36.8154936,0.322206446,-0.732867179,0.599240106
1,1,Transit,2020,2.663416,0.0282,11.561,188.15536,0.012,,2198,4251,0.61,0.65,299.0506412,17.5699627,0.462929587,-0.833409033,0.301870139
1,1,Transit,2020,1.7522239,0.0234,12.993,232.33373,0.057,,2470,4591,0.66,0.73,297.7909214,16.9125679,0.446081216,-0.84639336,0.290912065
1,3,Radial Velocity,2015,4.8869,0.0375,,1.91,0.15,7.34,,3342,0.31,0.29,247.5748276,-12.6676866,-0.372190773,-0.901877651,-0.219295992
1,3,Radial Velocity,2015,17.8719,0.089,,3.41,0.11,1.3,,3342,0.31,0.29,247.5748276,-12.6676866,-0.372190773,-0.901877651,-0.219295992
1,3,Radial Velocity,2015,217.21,0.47,,7.7,0.55,0.06,,3342,0.31,0.29,247.5748276,-12.6676866,-0.372190773,-0.901877651,-0.219295992
1,1,Transit,2018,6.00118,0.0571,2.03,,,69.6,805,4716,0.69,0.69,206.8461979,-6.1393369,-0.88710487,-0.44900707,-0.106946717
1,1,Transit,2006,3.94153,,12.778,263.7989,0,,,5750,0.88,0.88,240.5492745,28.1696248,-0.433437875,-0.767638456,0.472083478
2,3,Transit,2007,2.61586178,0.0368,11.131,179.89178,,,,,0.99,0.97,117.0267691,50.2251472,-0.290716905,0.569905652,0.768564395
2,3,Radial Velocity,2014,18.157,0.13,,82.6358,0.18,,,5399,1,0.98,117.0309753,50.2169068,-0.290808975,0.569982764,0.768472373
2,3,Radial Velocity,2014,120.8,0.4756,,435.409,0.1528,,,5399,1.02,0.98,117.0309753,50.2169068,-0.290808975,0.569982764,0.768472373
1,1,Transit,2007,3.19154,,15.805,2316.9807,0.29,,,6429,1.54,0.58,65.4695814,57.8172095,0.221132061,0.48454814,0.846353184
1,1,Transit,2008,4.12508,,14.011,451.3186,0,,,6397,1.45,1.1,110.3880285,58.2681094,-0.183226766,0.49299719,0.850518502
1,1,Transit,2008,4.1877558,0.0515,12.78,378.2,0,,1230,5430,1.13,1.04,116.7163868,39.0944695,-0.348918033,0.693252274,0.630600896
1,1,Transit,2016,3.7650007,0.0815,23.203,1398.452,0,,1577,6720,1.93,1.47,94.7929552,73.8275672,-0.023272583,0.277555063,0.960427808
1,1,Transit,2019,2.8641424,0.04421,15.39,225.34147,0.038,1540,1743,6250,1.48,1.41,277.4780753,85.2333208,0.010814979,-0.082391538,0.996541354
1,3,Radial Velocity,2017,1.96876,0.01557,,0.75,0,,,3056,0.17,0.13,18.1330792,-16.9962434,0.90882925,0.297632056,-0.292309004
1,3,Radial Velocity,2017,3.06008,0.0209,,0.98,0.04,,,3056,0.17,0.13,18.1330792,-16.9962434,0.90882925,0.297632056,-0.292309004
1,3,Radial Velocity,2017,4.65627,0.02764,,1.14,0.129,,,3056,0.17,0.13,18.1330792,-16.9962434,0.90882925,0.297632056,-0.292309004
1,1,Radial Velocity,2010,380.8,1.2,,572.07,0.25,,,4553,13.9,1.5,31.793286,23.462421,0.7796814,0.483296471,0.398147504
2,1,Radial Velocity,2015,628.96,1.46,,2056.3601,0.1,,,4055,45.1,1.13,68.980174,16.509201,0.34390362,0.894973798,0.284169316
2,1,Radial Velocity,2014,605.2,1.7,,2479,0.08,,,4092.1,47.2,1.7,124.1286379,9.1853306,-0.553858524,0.817165525,0.159628447
1,2,Imaging,2008,7665,9.1,,,0.08,,,,,1.76,86.8212337,-51.066148,0.034846973,0.627455855,-0.777871994
1,2,Radial Velocity,2019,1200,2.7,,2860.47,0.24,,,,,1.75,86.8212337,-51.066148,0.034846973,0.627455855,-0.777871994
1,1,Radial Velocity,2014,522.3,1.4,,1938.7,0.19,,,4126,38.3,1.4,222.676495,74.155548,-0.200727238,-0.185073357,0.96200646
1,1,Radial Velocity,2012,417.9,1.3,,2129.461,0.11,,,4406,21,1.7,239.3965057,26.8776171,-0.454098636,-0.767731995,0.452086289
1,1,Radial Velocity,2000,2690,,,247.9074,0.07,,,,,0.78,53.2284306,-9.4581715,0.59048837,0.790139195,-0.164327529
3,1,Radial Velocity,2019,16510,11.55,,1032.9475,0.26,,,,,0.75,330.8714021,-56.7969023,0.478352076,-0.266560162,-0.836734708
1,1,Radial Velocity,2006,594.9,1.93,,2415.406,0.151,,,4901,13.7,2.7,67.1546573,19.1802782,0.366693339,0.870400159,0.328541563
2,1,Radial Velocity,2009,428.5,1.19,,2790.43,0.144,,,4330,31.88,1.23,154.993208,19.841389,-0.852458445,0.397630934,0.3394175
2,1,Radial Velocity,2003,903.3,2.05,,587.96,0.049,,,,4.9,1.4,354.8358233,77.6331009,0.213301701,-0.019277515,0.976796172
1,2,Radial Velocity,2018,415.2,1.24,,324.1866,0.21,,,4822,11.1,1.47,233.8818636,-14.789502,-0.569923645,-0.781040957,-0.255268608
1,2,Radial Velocity,2018,964.6,2.17,,1455.6614,0.057,,,4822,11.1,1.47,233.8818636,-14.789502,-0.569923645,-0.781040957,-0.255268608
1,1,Radial Velocity,2002,511.098,1.275,,2803.1,0.7124,,,4548,,1.05,231.2323227,58.9661403,-0.322815461,-0.401965608,0.856862782
1,1,Imaging,2012,,55,,4327.36,,,1900,10900,,2.6,355.1025974,44.3338511,0.712668608,-0.061064707,0.698838004
1,1,Radial Velocity,2007,1285,2.65,,575.59013,0.167,,,4871,4.85,1.5,237.8080012,35.6558818,-0.432883335,-0.687620006,0.582915728
1,1,Radial Velocity,2014,357.8,1.1,,762.8,0.09,,,4538.2,11.4,1.5,148.1898673,26.0067142,-0.763751061,0.473732734,0.438476469
1,2,Radial Velocity,2012,530.21,1.79,,7057.73298,0.124,,,4886,14.6,2.7,269.7566013,-9.7741342,-0.004186433,-0.985475746,-0.169764626
1,2,Radial Velocity,2012,3184.83,5.931,,7838.32346,0.18,,,4886,14.6,2.7,269.7566013,-9.7741342,-0.004186433,-0.985475746,-0.169764626
2,1,Radial Velocity,2013,277.02,1.1,,540.3,0.106,,,4770,12.3,2.17,237.5732422,2.196304,-0.535827135,-0.843457529,0.038323349
1,1,Radial Velocity,2012,187.83,0.83,,476.745,0.191,,,4749,10.5,2.13,230.0350768,29.6160222,-0.558403947,-0.666307905,0.494184993
2,1,Radial Velocity,2012,1630,3.9,,1303.103,0.13,,,5242,14.1,3.09,127.5649503,60.7177048,-0.298192789,0.387701614,0.872220453
1,2,Transit,2018,6.2679,0.06839,2.042,4.82,0,309,1170,6037,1.1,1.09,84.2992798,-80.4646041,0.016455072,0.164837591,-0.986183451
3,1,Radial Velocity,2015,3117,4.43,,486.2799,0.4,,,6212,,1.19,265.4925754,72.1557114,-0.0240819,-0.305483449,0.951892811
1,2,Radial Velocity,1997,39.8458,0.2196,,332.1,0.0373,34.7,614,5627,1.36,0.89,240.2600639,33.3001861,-0.414613057,-0.725718249,0.549025533
1,2,Radial Velocity,2016,102.54,0.4123,,25,0.052,9.85,448,5627,1.36,0.89,240.2600639,33.3001861,-0.414613057,-0.725718249,0.549025533
2,1,Radial Velocity,1996,3.3124568,0.049,,1373.0256,0.011,,,6466.27,1.43,1.32,206.8134593,17.4571647,-0.851373591,-0.430310803,0.299992701
1,4,Radial Velocity,2017,162.87,0.538,,3.93,0.18,,,,,0.78,26.0093029,-15.9337987,0.864193507,0.421669044,-0.274526501
1,4,Radial Velocity,2017,636.13,1.334,,3.93,0.16,,,,,0.78,26.0093029,-15.9337987,0.864193507,0.421669044,-0.274526501
1,4,Radial Velocity,2017,20,0.133,,1.75,0.06,,,,,0.78,26.0093029,-15.9337987,0.864193507,0.421669044,-0.274526501
1,4,Radial Velocity,2017,49.41,0.243,,1.83,0.23,,,,,0.78,26.0093029,-15.9337987,0.864193507,0.421669044,-0.274526501
1,1,Radial Velocity,2013,305.5,1.17,,6547,0.031,,,4388,26.8,2.3,107.7847232,30.2449545,-0.263864699,0.822595794,0.503697905
2,3,Radial Velocity,1996,4.617033,0.059222,,218.531,0.0215,,,,1.56,1.3,24.1983534,41.4038147,0.68416007,0.307450094,0.661361806
2,3,Radial Velocity,1999,241.258,0.827774,,629.595,0.2596,,,,1.56,1.3,24.1983534,41.4038147,0.68416007,0.307450094,0.661361806
2,3,Radial Velocity,1999,1276.46,2.51329,,1313.22,0.2987,,,,1.56,1.3,24.1983534,41.4038147,0.68416007,0.307450094,0.661361806
1,1,Radial Velocity,2007,136.75,0.68,,890,0,,,4780,12,2.2,298.5624491,8.4611051,0.472912507,-0.868737114,0.14713799
